Loading the input data and checkpoints.
Backbone: resnet50 pretrained = True
Constructed model successfully.
0
tensor([[[[0.7020, 0.7059, 0.6980,  ..., 0.0000, 0.0000, 0.0000],
          [0.6784, 0.7216, 0.7294,  ..., 0.0000, 0.0000, 0.0000],
          [0.6941, 0.7176, 0.7255,  ..., 0.0000, 0.0000, 0.0000],
          ...,
          [0.0000, 0.0000, 0.0000,  ..., 0.0000, 0.0000, 0.0000],
          [0.0000, 0.0000, 0.0000,  ..., 0.0000, 0.0000, 0.0000],
          [0.0000, 0.0000, 0.0000,  ..., 0.0000, 0.0000, 0.0000]],

         [[0.4314, 0.4353, 0.4353,  ..., 0.0000, 0.0000, 0.0000],
          [0.4078, 0.4510, 0.4863,  ..., 0.0000, 0.0000, 0.0000],
          [0.4353, 0.4588, 0.4667,  ..., 0.0000, 0.0000, 0.0000],
          ...,
          [0.0000, 0.0000, 0.0000,  ..., 0.0000, 0.0000, 0.0000],
          [0.0000, 0.0000, 0.0000,  ..., 0.0000, 0.0000, 0.0000],
          [0.0000, 0.0000, 0.0000,  ..., 0.0000, 0.0000, 0.0000]],

         [[0.6549, 0.6510, 0.6471,  ..., 0.0000, 0.0000, 0.0000],
          [0.6235, 0.6667, 0.6941,  ..., 0.0000, 0.0000, 0.0000],
          [0.6510, 0.6824, 0.6902,  ..., 0.0000, 0.0000, 0.0000],
          ...,
          [0.0000, 0.0000, 0.0000,  ..., 0.0000, 0.0000, 0.0000],
          [0.0000, 0.0000, 0.0000,  ..., 0.0000, 0.0000, 0.0000],
          [0.0000, 0.0000, 0.0000,  ..., 0.0000, 0.0000, 0.0000]]]],
       device='cuda:0') torch.Size([1, 3, 256, 192])
[[[ 65.645424    62.741337  ]
  [ 73.308075    53.544624  ]
  [ 59.29727     59.22801   ]
  [ 93.90818     55.78118   ]
  [ 58.863163    66.64775   ]
  [114.66519    106.577255  ]
  [ 49.751476   108.94762   ]
  [137.06247    176.86473   ]
  [ 47.976875   187.00873   ]
  [153.68817    230.48465   ]
  [ 62.340317   154.69096   ]
  [103.954636   222.67181   ]
  [ 71.88479    225.47087   ]
  [ -1.0908724   -1.5221462 ]
  [ -0.91020834  -1.4846791 ]
  [ -1.1941969   -1.6552986 ]
  [ -0.9133256   -1.6363678 ]]] <class 'numpy.ndarray'>
1
tensor([[[[0., 0., 0.,  ..., 0., 0., 0.],
          [0., 0., 0.,  ..., 0., 0., 0.],
          [0., 0., 0.,  ..., 0., 0., 0.],
          ...,
          [0., 0., 0.,  ..., 0., 0., 0.],
          [0., 0., 0.,  ..., 0., 0., 0.],
          [0., 0., 0.,  ..., 0., 0., 0.]],

         [[0., 0., 0.,  ..., 0., 0., 0.],
          [0., 0., 0.,  ..., 0., 0., 0.],
          [0., 0., 0.,  ..., 0., 0., 0.],
          ...,
          [0., 0., 0.,  ..., 0., 0., 0.],
          [0., 0., 0.,  ..., 0., 0., 0.],
          [0., 0., 0.,  ..., 0., 0., 0.]],

         [[0., 0., 0.,  ..., 0., 0., 0.],
          [0., 0., 0.,  ..., 0., 0., 0.],
          [0., 0., 0.,  ..., 0., 0., 0.],
          ...,
          [0., 0., 0.,  ..., 0., 0., 0.],
          [0., 0., 0.,  ..., 0., 0., 0.],
          [0., 0., 0.,  ..., 0., 0., 0.]]]], device='cuda:0') torch.Size([1, 3, 256, 192])
[[[ 64.29427    61.90089  ]
  [ 72.81997    53.886936 ]
  [ 57.598576   60.881325 ]
  [ 93.24217    54.517845 ]
  [ 56.69409    71.71841  ]
  [114.782394  106.85487  ]
  [ 49.362076  118.75903  ]
  [137.22882   177.93454  ]
  [ 47.488407  186.62871  ]
  [153.73137   230.34781  ]
  [ 61.71814   155.15105  ]
  [104.548744  222.94583  ]
  [ 72.39511   225.9273   ]
  [ -2.3112662   1.7387276]
  [ -0.88792    -1.3480705]
  [ -1.1427536  -1.479726 ]
  [ -2.0103934   1.5714605]]] <class 'numpy.ndarray'>
2
tensor([[[[0., 0., 0.,  ..., 0., 0., 0.],
          [0., 0., 0.,  ..., 0., 0., 0.],
          [0., 0., 0.,  ..., 0., 0., 0.],
          ...,
          [0., 0., 0.,  ..., 0., 0., 0.],
          [0., 0., 0.,  ..., 0., 0., 0.],
          [0., 0., 0.,  ..., 0., 0., 0.]],

         [[0., 0., 0.,  ..., 0., 0., 0.],
          [0., 0., 0.,  ..., 0., 0., 0.],
          [0., 0., 0.,  ..., 0., 0., 0.],
          ...,
          [0., 0., 0.,  ..., 0., 0., 0.],
          [0., 0., 0.,  ..., 0., 0., 0.],
          [0., 0., 0.,  ..., 0., 0., 0.]],

         [[0., 0., 0.,  ..., 0., 0., 0.],
          [0., 0., 0.,  ..., 0., 0., 0.],
          [0., 0., 0.,  ..., 0., 0., 0.],
          ...,
          [0., 0., 0.,  ..., 0., 0., 0.],
          [0., 0., 0.,  ..., 0., 0., 0.],
          [0., 0., 0.,  ..., 0., 0., 0.]]]], device='cuda:0') torch.Size([1, 3, 256, 192])
[[[ 65.202614   62.578854 ]
  [ 72.87389    53.998894 ]
  [ 58.996372   60.058685 ]
  [ 93.624664   55.60273  ]
  [ 57.422123   70.5966   ]
  [114.82144   106.93646  ]
  [ 48.837154  115.33937  ]
  [137.07538   177.30824  ]
  [ 47.936245  187.07272  ]
  [153.6688    230.57533  ]
  [ 62.0001    155.16911  ]
  [103.94892   223.60966  ]
  [ 72.841     226.21599  ]
  [ -1.6426312  -0.3394394]
  [ -0.7594875  -1.4344214]
  [ -1.0011947  -1.5988442]
  [ -1.4926409  -0.2938273]]] <class 'numpy.ndarray'>
3
tensor([[[[0.4392, 0.5961, 0.5882,  ..., 0.6353, 0.6078, 0.6196],
          [0.4039, 0.5490, 0.5804,  ..., 0.6235, 0.5529, 0.4863],
          [0.4745, 0.5647, 0.5569,  ..., 0.6000, 0.4588, 0.4431],
          ...,
          [0.4706, 0.4627, 0.4510,  ..., 0.4941, 0.4980, 0.5059],
          [0.4824, 0.4941, 0.5020,  ..., 0.4863, 0.4510, 0.5098],
          [0.4863, 0.4667, 0.4784,  ..., 0.5020, 0.5451, 0.5451]],

         [[0.5137, 0.6784, 0.6706,  ..., 0.7059, 0.6784, 0.7020],
          [0.4902, 0.6392, 0.6667,  ..., 0.6941, 0.6392, 0.5765],
          [0.5569, 0.6510, 0.6431,  ..., 0.6863, 0.5451, 0.5373],
          ...,
          [0.4588, 0.4510, 0.4353,  ..., 0.4706, 0.4863, 0.4902],
          [0.4431, 0.4510, 0.4627,  ..., 0.4745, 0.4275, 0.4824],
          [0.4667, 0.4510, 0.4706,  ..., 0.4902, 0.5216, 0.5137]],

         [[0.6353, 0.7608, 0.7020,  ..., 0.7647, 0.7333, 0.7373],
          [0.5843, 0.7098, 0.6784,  ..., 0.7529, 0.6784, 0.6078],
          [0.6235, 0.6902, 0.6431,  ..., 0.7333, 0.5843, 0.5647],
          ...,
          [0.4471, 0.4353, 0.4196,  ..., 0.4392, 0.4549, 0.4510],
          [0.4392, 0.4431, 0.4549,  ..., 0.4431, 0.4039, 0.4510],
          [0.4549, 0.4353, 0.4510,  ..., 0.4510, 0.4902, 0.4784]]]],
       device='cuda:0') torch.Size([1, 3, 256, 192])
[[[ 67.17262     64.12439   ]
  [ 73.009315    52.89592   ]
  [ 58.02853     60.16847   ]
  [ 93.30461     54.621696  ]
  [ 57.780277    67.38807   ]
  [114.79091    105.97436   ]
  [ 49.49412    108.16304   ]
  [137.6967     178.56755   ]
  [ 47.06356    186.46136   ]
  [153.68777    230.1936    ]
  [ 59.270668   154.0885    ]
  [103.562065   227.40237   ]
  [ 73.52756    224.85526   ]
  [ -1.5616566   -0.45743918]
  [ -0.49533498  -1.2742757 ]
  [ -0.5845886   -1.4109911 ]
  [ -1.397278    -0.484751  ]]] <class 'numpy.ndarray'>
4
tensor([[[[0., 0., 0.,  ..., 0., 0., 0.],
          [0., 0., 0.,  ..., 0., 0., 0.],
          [0., 0., 0.,  ..., 0., 0., 0.],
          ...,
          [0., 0., 0.,  ..., 0., 0., 0.],
          [0., 0., 0.,  ..., 0., 0., 0.],
          [0., 0., 0.,  ..., 0., 0., 0.]],

         [[0., 0., 0.,  ..., 0., 0., 0.],
          [0., 0., 0.,  ..., 0., 0., 0.],
          [0., 0., 0.,  ..., 0., 0., 0.],
          ...,
          [0., 0., 0.,  ..., 0., 0., 0.],
          [0., 0., 0.,  ..., 0., 0., 0.],
          [0., 0., 0.,  ..., 0., 0., 0.]],

         [[0., 0., 0.,  ..., 0., 0., 0.],
          [0., 0., 0.,  ..., 0., 0., 0.],
          [0., 0., 0.,  ..., 0., 0., 0.],
          ...,
          [0., 0., 0.,  ..., 0., 0., 0.],
          [0., 0., 0.,  ..., 0., 0., 0.],
          [0., 0., 0.,  ..., 0., 0., 0.]]]], device='cuda:0') torch.Size([1, 3, 256, 192])
[[[ 65.66738     63.051952  ]
  [ 73.25265     53.363285  ]
  [ 57.72192     60.496033  ]
  [ 93.20071     54.646317  ]
  [ 56.7805      70.28797   ]
  [114.73709    106.0877    ]
  [ 48.8069     111.84444   ]
  [137.98967    180.28134   ]
  [ 47.293888   186.8368    ]
  [153.66675    230.17587   ]
  [ 59.128918   154.95166   ]
  [103.49761    224.55946   ]
  [ 72.39767    220.91458   ]
  [ -1.5766256   -0.48619246]
  [ -0.74270165  -1.313228  ]
  [ -0.93792385  -1.4555305 ]
  [ -1.3791639   -0.54436636]]] <class 'numpy.ndarray'>
5
tensor([[[[0., 0., 0.,  ..., 0., 0., 0.],
          [0., 0., 0.,  ..., 0., 0., 0.],
          [0., 0., 0.,  ..., 0., 0., 0.],
          ...,
          [0., 0., 0.,  ..., 0., 0., 0.],
          [0., 0., 0.,  ..., 0., 0., 0.],
          [0., 0., 0.,  ..., 0., 0., 0.]],

         [[0., 0., 0.,  ..., 0., 0., 0.],
          [0., 0., 0.,  ..., 0., 0., 0.],
          [0., 0., 0.,  ..., 0., 0., 0.],
          ...,
          [0., 0., 0.,  ..., 0., 0., 0.],
          [0., 0., 0.,  ..., 0., 0., 0.],
          [0., 0., 0.,  ..., 0., 0., 0.]],

         [[0., 0., 0.,  ..., 0., 0., 0.],
          [0., 0., 0.,  ..., 0., 0., 0.],
          [0., 0., 0.,  ..., 0., 0., 0.],
          ...,
          [0., 0., 0.,  ..., 0., 0., 0.],
          [0., 0., 0.,  ..., 0., 0., 0.],
          [0., 0., 0.,  ..., 0., 0., 0.]]]], device='cuda:0') torch.Size([1, 3, 256, 192])
[[[ 65.40399     63.397358  ]
  [ 72.784615    53.36675   ]
  [ 58.53862     61.253796  ]
  [ 93.04829     54.57833   ]
  [ 55.552673    72.27584   ]
  [114.77547    105.889534  ]
  [ 47.601833   108.73921   ]
  [137.74808    178.6721    ]
  [ 47.030693   186.3747    ]
  [153.85599    229.56537   ]
  [ 59.730507   154.79163   ]
  [103.74919    229.99763   ]
  [ 75.139305   225.5719    ]
  [ -1.8254474    0.47040513]
  [ -0.50144994  -1.1126286 ]
  [ -0.56280726  -1.1754081 ]
  [ -1.5837826    0.32548594]]] <class 'numpy.ndarray'>
6
tensor([[[[0.1804, 0.1882, 0.1961,  ..., 0.8745, 0.8902, 0.8941],
          [0.1804, 0.1843, 0.2000,  ..., 0.8588, 0.8627, 0.8627],
          [0.1765, 0.1843, 0.2000,  ..., 0.8510, 0.8549, 0.8588],
          ...,
          [0.1216, 0.1216, 0.1255,  ..., 0.9882, 0.9961, 1.0000],
          [0.1098, 0.1098, 0.1059,  ..., 0.9882, 0.9961, 1.0000],
          [0.1176, 0.1176, 0.1137,  ..., 0.9843, 0.9961, 1.0000]],

         [[0.1176, 0.1333, 0.1529,  ..., 0.8392, 0.8510, 0.8471],
          [0.1176, 0.1333, 0.1529,  ..., 0.8196, 0.8196, 0.8118],
          [0.1176, 0.1333, 0.1569,  ..., 0.8078, 0.8078, 0.8078],
          ...,
          [0.0863, 0.0902, 0.0902,  ..., 0.0078, 0.0078, 0.0039],
          [0.0588, 0.0588, 0.0588,  ..., 0.0118, 0.0078, 0.0039],
          [0.0588, 0.0588, 0.0588,  ..., 0.0078, 0.0039, 0.0039]],

         [[0.1255, 0.1451, 0.1686,  ..., 0.7569, 0.7725, 0.7765],
          [0.1216, 0.1451, 0.1686,  ..., 0.7412, 0.7412, 0.7412],
          [0.1216, 0.1451, 0.1725,  ..., 0.7294, 0.7294, 0.7333],
          ...,
          [0.1020, 0.1059, 0.1059,  ..., 0.2588, 0.2667, 0.2667],
          [0.0667, 0.0667, 0.0667,  ..., 0.2588, 0.2627, 0.2588],
          [0.0627, 0.0627, 0.0588,  ..., 0.2549, 0.2588, 0.2549]]]],
       device='cuda:0') torch.Size([1, 3, 256, 192])
[[[ 5.65571136e+01  6.00218887e+01]
  [ 6.92117996e+01  5.52819901e+01]
  [ 5.32493782e+01  6.99790726e+01]
  [ 8.44600067e+01  4.69197388e+01]
  [ 4.95862923e+01  9.15977554e+01]
  [ 1.15500748e+02  1.07156006e+02]
  [ 4.79273300e+01  1.20701324e+02]
  [ 1.38329193e+02  1.80239410e+02]
  [ 6.56837463e+01  1.81805145e+02]
  [ 1.51672852e+02  2.30009583e+02]
  [ 5.58169212e+01  1.48660919e+02]
  [ 1.04572990e+02  2.27895142e+02]
  [ 6.28390579e+01  1.27136223e+02]
  [-2.10328531e+00  7.02116871e+00]
  [-1.48592234e-01 -8.02479208e-01]
  [-2.38360763e-02 -8.03261459e-01]
  [-1.56967175e+00  5.97271013e+00]]] <class 'numpy.ndarray'>
7
tensor([[[[0., 0., 0.,  ..., 0., 0., 0.],
          [0., 0., 0.,  ..., 0., 0., 0.],
          [0., 0., 0.,  ..., 0., 0., 0.],
          ...,
          [0., 0., 0.,  ..., 0., 0., 0.],
          [0., 0., 0.,  ..., 0., 0., 0.],
          [0., 0., 0.,  ..., 0., 0., 0.]],

         [[0., 0., 0.,  ..., 0., 0., 0.],
          [0., 0., 0.,  ..., 0., 0., 0.],
          [0., 0., 0.,  ..., 0., 0., 0.],
          ...,
          [0., 0., 0.,  ..., 0., 0., 0.],
          [0., 0., 0.,  ..., 0., 0., 0.],
          [0., 0., 0.,  ..., 0., 0., 0.]],

         [[0., 0., 0.,  ..., 0., 0., 0.],
          [0., 0., 0.,  ..., 0., 0., 0.],
          [0., 0., 0.,  ..., 0., 0., 0.],
          ...,
          [0., 0., 0.,  ..., 0., 0., 0.],
          [0., 0., 0.,  ..., 0., 0., 0.],
          [0., 0., 0.,  ..., 0., 0., 0.]]]], device='cuda:0') torch.Size([1, 3, 256, 192])
[[[ 65.75018    63.015583 ]
  [ 73.31303    53.597744 ]
  [ 58.705437   59.37327  ]
  [ 94.086      55.543736 ]
  [ 58.251488   68.489845 ]
  [114.80786   106.94083  ]
  [ 49.483986  112.99174  ]
  [137.3779    178.46951  ]
  [ 47.356384  186.67628  ]
  [154.00381   229.92453  ]
  [ 61.562336  155.61351  ]
  [104.64017   222.98088  ]
  [ 71.70596   225.20178  ]
  [ -1.4674621  -0.9155724]
  [ -0.8960165  -1.3382618]
  [ -1.1327136  -1.5115682]
  [ -1.3076507  -0.9049258]]] <class 'numpy.ndarray'>
8
tensor([[[[0., 0., 0.,  ..., 0., 0., 0.],
          [0., 0., 0.,  ..., 0., 0., 0.],
          [0., 0., 0.,  ..., 0., 0., 0.],
          ...,
          [0., 0., 0.,  ..., 0., 0., 0.],
          [0., 0., 0.,  ..., 0., 0., 0.],
          [0., 0., 0.,  ..., 0., 0., 0.]],

         [[0., 0., 0.,  ..., 0., 0., 0.],
          [0., 0., 0.,  ..., 0., 0., 0.],
          [0., 0., 0.,  ..., 0., 0., 0.],
          ...,
          [0., 0., 0.,  ..., 0., 0., 0.],
          [0., 0., 0.,  ..., 0., 0., 0.],
          [0., 0., 0.,  ..., 0., 0., 0.]],

         [[0., 0., 0.,  ..., 0., 0., 0.],
          [0., 0., 0.,  ..., 0., 0., 0.],
          [0., 0., 0.,  ..., 0., 0., 0.],
          ...,
          [0., 0., 0.,  ..., 0., 0., 0.],
          [0., 0., 0.,  ..., 0., 0., 0.],
          [0., 0., 0.,  ..., 0., 0., 0.]]]], device='cuda:0') torch.Size([1, 3, 256, 192])
[[[ 62.494026    61.248676  ]
  [ 72.196175    53.81075   ]
  [ 57.807404    62.842197  ]
  [ 92.97159     53.264496  ]
  [ 54.01924     75.94715   ]
  [114.80037    106.26939   ]
  [ 48.497868   115.02066   ]
  [137.27113    177.9984    ]
  [ 47.49785    186.67078   ]
  [153.39633    230.63554   ]
  [ 61.809265   155.17526   ]
  [104.093414   223.6803    ]
  [ 73.19271    226.39534   ]
  [ -2.434282     4.361975  ]
  [ -0.86123836  -1.3169967 ]
  [ -1.0854888   -1.4218615 ]
  [ -2.040353     3.8639755 ]]] <class 'numpy.ndarray'>
9
tensor([[[[0., 0., 0.,  ..., 0., 0., 0.],
          [0., 0., 0.,  ..., 0., 0., 0.],
          [0., 0., 0.,  ..., 0., 0., 0.],
          ...,
          [0., 0., 0.,  ..., 0., 0., 0.],
          [0., 0., 0.,  ..., 0., 0., 0.],
          [0., 0., 0.,  ..., 0., 0., 0.]],

         [[0., 0., 0.,  ..., 0., 0., 0.],
          [0., 0., 0.,  ..., 0., 0., 0.],
          [0., 0., 0.,  ..., 0., 0., 0.],
          ...,
          [0., 0., 0.,  ..., 0., 0., 0.],
          [0., 0., 0.,  ..., 0., 0., 0.],
          [0., 0., 0.,  ..., 0., 0., 0.]],

         [[0., 0., 0.,  ..., 0., 0., 0.],
          [0., 0., 0.,  ..., 0., 0., 0.],
          [0., 0., 0.,  ..., 0., 0., 0.],
          ...,
          [0., 0., 0.,  ..., 0., 0., 0.],
          [0., 0., 0.,  ..., 0., 0., 0.],
          [0., 0., 0.,  ..., 0., 0., 0.]]]], device='cuda:0') torch.Size([1, 3, 256, 192])
[[[ 6.28844604e+01  6.29236336e+01]
  [ 7.20264511e+01  5.34181366e+01]
  [ 5.75983505e+01  6.27503166e+01]
  [ 9.21303711e+01  5.21611519e+01]
  [ 5.24495583e+01  7.50400009e+01]
  [ 1.15034286e+02  1.06249710e+02]
  [ 4.73669586e+01  1.08736244e+02]
  [ 1.38153015e+02  1.80220825e+02]
  [ 4.68812218e+01  1.86250412e+02]
  [ 1.53637878e+02  2.26708435e+02]
  [ 5.86975021e+01  1.53943680e+02]
  [ 1.06396034e+02  2.29312958e+02]
  [ 7.46732330e+01  2.15844788e+02]
  [-2.32945514e+00  2.96173954e+00]
  [-1.27361417e-01 -9.36477244e-01]
  [-4.14699316e-03 -9.38404024e-01]
  [-1.88381279e+00  2.62180996e+00]]] <class 'numpy.ndarray'>
Predictions were made.
Data was successfully structured and saved.
