Loading the input data and checkpoints.
Backbone: resnet50 pretrained = True
Constructed model successfully.
0
tensor([[[[0.7020, 0.7059, 0.6980,  ..., 0.0000, 0.0000, 0.0000],
          [0.6784, 0.7216, 0.7294,  ..., 0.0000, 0.0000, 0.0000],
          [0.6941, 0.7176, 0.7255,  ..., 0.0000, 0.0000, 0.0000],
          ...,
          [0.0000, 0.0000, 0.0000,  ..., 0.0000, 0.0000, 0.0000],
          [0.0000, 0.0000, 0.0000,  ..., 0.0000, 0.0000, 0.0000],
          [0.0000, 0.0000, 0.0000,  ..., 0.0000, 0.0000, 0.0000]],

         [[0.4314, 0.4353, 0.4353,  ..., 0.0000, 0.0000, 0.0000],
          [0.4078, 0.4510, 0.4863,  ..., 0.0000, 0.0000, 0.0000],
          [0.4353, 0.4588, 0.4667,  ..., 0.0000, 0.0000, 0.0000],
          ...,
          [0.0000, 0.0000, 0.0000,  ..., 0.0000, 0.0000, 0.0000],
          [0.0000, 0.0000, 0.0000,  ..., 0.0000, 0.0000, 0.0000],
          [0.0000, 0.0000, 0.0000,  ..., 0.0000, 0.0000, 0.0000]],

         [[0.6549, 0.6510, 0.6471,  ..., 0.0000, 0.0000, 0.0000],
          [0.6235, 0.6667, 0.6941,  ..., 0.0000, 0.0000, 0.0000],
          [0.6510, 0.6824, 0.6902,  ..., 0.0000, 0.0000, 0.0000],
          ...,
          [0.0000, 0.0000, 0.0000,  ..., 0.0000, 0.0000, 0.0000],
          [0.0000, 0.0000, 0.0000,  ..., 0.0000, 0.0000, 0.0000],
          [0.0000, 0.0000, 0.0000,  ..., 0.0000, 0.0000, 0.0000]]]],
       device='cuda:0') torch.Size([1, 3, 256, 192])
[[[ 64.01947     61.945286  ]
  [ 71.54049     52.307285  ]
  [ 57.553905    57.456406  ]
  [ 91.85959     53.419945  ]
  [ 58.04444     65.90727   ]
  [113.75154    106.85193   ]
  [ 46.765686   108.79765   ]
  [137.56781    177.26743   ]
  [ 46.115692   190.50496   ]
  [155.64536    234.74725   ]
  [ 61.361298   155.82816   ]
  [105.02417    231.02095   ]
  [ 70.73515    232.80324   ]
  [ -1.0683553   -1.150866  ]
  [ -1.04248     -1.5828912 ]
  [ -1.0563712   -1.6646113 ]
  [ -0.98523414  -1.6313989 ]]] <class 'numpy.ndarray'>
1
tensor([[[[0., 0., 0.,  ..., 0., 0., 0.],
          [0., 0., 0.,  ..., 0., 0., 0.],
          [0., 0., 0.,  ..., 0., 0., 0.],
          ...,
          [0., 0., 0.,  ..., 0., 0., 0.],
          [0., 0., 0.,  ..., 0., 0., 0.],
          [0., 0., 0.,  ..., 0., 0., 0.]],

         [[0., 0., 0.,  ..., 0., 0., 0.],
          [0., 0., 0.,  ..., 0., 0., 0.],
          [0., 0., 0.,  ..., 0., 0., 0.],
          ...,
          [0., 0., 0.,  ..., 0., 0., 0.],
          [0., 0., 0.,  ..., 0., 0., 0.],
          [0., 0., 0.,  ..., 0., 0., 0.]],

         [[0., 0., 0.,  ..., 0., 0., 0.],
          [0., 0., 0.,  ..., 0., 0., 0.],
          [0., 0., 0.,  ..., 0., 0., 0.],
          ...,
          [0., 0., 0.,  ..., 0., 0., 0.],
          [0., 0., 0.,  ..., 0., 0., 0.],
          [0., 0., 0.,  ..., 0., 0., 0.]]]], device='cuda:0') torch.Size([1, 3, 256, 192])
[[[ 72.2416      78.892006  ]
  [ 82.39536     72.94189   ]
  [ 66.626625    71.75708   ]
  [ 96.01251     76.681114  ]
  [ 59.586407    73.223236  ]
  [117.16132    117.23441   ]
  [ 35.799507   117.03811   ]
  [133.03242    173.17783   ]
  [ 25.669102   167.51949   ]
  [164.53862    133.789     ]
  [ 27.261356   218.07779   ]
  [ -1.0516589   -1.1812904 ]
  [ -0.9033926   -1.0068381 ]
  [ -0.89168423  -1.2090969 ]
  [ -0.7945339   -0.9004133 ]
  [ -0.95267606  -0.9721941 ]
  [ -1.1236001   -1.1808376 ]]] <class 'numpy.ndarray'>
2
tensor([[[[0., 0., 0.,  ..., 0., 0., 0.],
          [0., 0., 0.,  ..., 0., 0., 0.],
          [0., 0., 0.,  ..., 0., 0., 0.],
          ...,
          [0., 0., 0.,  ..., 0., 0., 0.],
          [0., 0., 0.,  ..., 0., 0., 0.],
          [0., 0., 0.,  ..., 0., 0., 0.]],

         [[0., 0., 0.,  ..., 0., 0., 0.],
          [0., 0., 0.,  ..., 0., 0., 0.],
          [0., 0., 0.,  ..., 0., 0., 0.],
          ...,
          [0., 0., 0.,  ..., 0., 0., 0.],
          [0., 0., 0.,  ..., 0., 0., 0.],
          [0., 0., 0.,  ..., 0., 0., 0.]],

         [[0., 0., 0.,  ..., 0., 0., 0.],
          [0., 0., 0.,  ..., 0., 0., 0.],
          [0., 0., 0.,  ..., 0., 0., 0.],
          ...,
          [0., 0., 0.,  ..., 0., 0., 0.],
          [0., 0., 0.,  ..., 0., 0., 0.],
          [0., 0., 0.,  ..., 0., 0., 0.]]]], device='cuda:0') torch.Size([1, 3, 256, 192])
[[[ 83.81115     68.562874  ]
  [ 82.15431     61.817142  ]
  [ -1.4891622   -1.2211509 ]
  [ 92.216774    60.58889   ]
  [ -0.94584835  -0.7445717 ]
  [112.48481     76.4358    ]
  [132.35797     74.6786    ]
  [ 75.54146    122.03971   ]
  [111.93689    124.25537   ]
  [ 53.238186   133.19203   ]
  [ 76.006584   136.71277   ]
  [139.43277    135.06529   ]
  [162.45044    138.56914   ]
  [ 83.74404    166.93217   ]
  [ 98.16408    152.02658   ]
  [136.19516    447.76385   ]
  [197.10843    424.76288   ]]] <class 'numpy.ndarray'>
3
tensor([[[[0.4392, 0.5961, 0.5882,  ..., 0.6353, 0.6078, 0.6196],
          [0.4039, 0.5490, 0.5804,  ..., 0.6235, 0.5529, 0.4863],
          [0.4745, 0.5647, 0.5569,  ..., 0.6000, 0.4588, 0.4431],
          ...,
          [0.4706, 0.4627, 0.4510,  ..., 0.4941, 0.4980, 0.5059],
          [0.4824, 0.4941, 0.5020,  ..., 0.4863, 0.4510, 0.5098],
          [0.4863, 0.4667, 0.4784,  ..., 0.5020, 0.5451, 0.5451]],

         [[0.5137, 0.6784, 0.6706,  ..., 0.7059, 0.6784, 0.7020],
          [0.4902, 0.6392, 0.6667,  ..., 0.6941, 0.6392, 0.5765],
          [0.5569, 0.6510, 0.6431,  ..., 0.6863, 0.5451, 0.5373],
          ...,
          [0.4588, 0.4510, 0.4353,  ..., 0.4706, 0.4863, 0.4902],
          [0.4431, 0.4510, 0.4627,  ..., 0.4745, 0.4275, 0.4824],
          [0.4667, 0.4510, 0.4706,  ..., 0.4902, 0.5216, 0.5137]],

         [[0.6353, 0.7608, 0.7020,  ..., 0.7647, 0.7333, 0.7373],
          [0.5843, 0.7098, 0.6784,  ..., 0.7529, 0.6784, 0.6078],
          [0.6235, 0.6902, 0.6431,  ..., 0.7333, 0.5843, 0.5647],
          ...,
          [0.4471, 0.4353, 0.4196,  ..., 0.4392, 0.4549, 0.4510],
          [0.4392, 0.4431, 0.4549,  ..., 0.4431, 0.4039, 0.4510],
          [0.4549, 0.4353, 0.4510,  ..., 0.4510, 0.4902, 0.4784]]]],
       device='cuda:0') torch.Size([1, 3, 256, 192])
[[[ 94.4625    42.07147 ]
  [ 99.32871   39.486805]
  [ 89.34534   39.825985]
  [105.39505   42.872036]
  [ 83.64188   45.07882 ]
  [118.90897   68.66459 ]
  [ 73.710754  68.12711 ]
  [130.63474  100.91902 ]
  [ 56.65436   99.9518  ]
  [101.94418  102.57398 ]
  [ 70.53994  105.961136]
  [115.455055 147.0131  ]
  [ 82.52595  148.24568 ]
  [117.01841  203.14168 ]
  [ 85.45968  200.21591 ]
  [116.69783  236.0964  ]
  [ 87.891266 240.22185 ]]] <class 'numpy.ndarray'>
4
tensor([[[[0., 0., 0.,  ..., 0., 0., 0.],
          [0., 0., 0.,  ..., 0., 0., 0.],
          [0., 0., 0.,  ..., 0., 0., 0.],
          ...,
          [0., 0., 0.,  ..., 0., 0., 0.],
          [0., 0., 0.,  ..., 0., 0., 0.],
          [0., 0., 0.,  ..., 0., 0., 0.]],

         [[0., 0., 0.,  ..., 0., 0., 0.],
          [0., 0., 0.,  ..., 0., 0., 0.],
          [0., 0., 0.,  ..., 0., 0., 0.],
          ...,
          [0., 0., 0.,  ..., 0., 0., 0.],
          [0., 0., 0.,  ..., 0., 0., 0.],
          [0., 0., 0.,  ..., 0., 0., 0.]],

         [[0., 0., 0.,  ..., 0., 0., 0.],
          [0., 0., 0.,  ..., 0., 0., 0.],
          [0., 0., 0.,  ..., 0., 0., 0.],
          ...,
          [0., 0., 0.,  ..., 0., 0., 0.],
          [0., 0., 0.,  ..., 0., 0., 0.],
          [0., 0., 0.,  ..., 0., 0., 0.]]]], device='cuda:0') torch.Size([1, 3, 256, 192])
[[[104.42744     59.17271   ]
  [108.12224     54.815094  ]
  [ 99.02553     54.388855  ]
  [ -0.99152756  -1.0621641 ]
  [ 88.00975     48.804672  ]
  [115.62171     76.02573   ]
  [ 69.944145    71.42223   ]
  [117.04609    101.20957   ]
  [ 63.7259     110.622925  ]
  [123.37594    112.3159    ]
  [ 91.244484   123.79246   ]
  [106.898994   134.8043    ]
  [ 77.21529    134.00087   ]
  [105.84272    195.15842   ]
  [261.33054    298.8572    ]
  [ -0.950829    -1.685992  ]
  [ -0.9905933   -1.255058  ]]] <class 'numpy.ndarray'>
5
tensor([[[[0., 0., 0.,  ..., 0., 0., 0.],
          [0., 0., 0.,  ..., 0., 0., 0.],
          [0., 0., 0.,  ..., 0., 0., 0.],
          ...,
          [0., 0., 0.,  ..., 0., 0., 0.],
          [0., 0., 0.,  ..., 0., 0., 0.],
          [0., 0., 0.,  ..., 0., 0., 0.]],

         [[0., 0., 0.,  ..., 0., 0., 0.],
          [0., 0., 0.,  ..., 0., 0., 0.],
          [0., 0., 0.,  ..., 0., 0., 0.],
          ...,
          [0., 0., 0.,  ..., 0., 0., 0.],
          [0., 0., 0.,  ..., 0., 0., 0.],
          [0., 0., 0.,  ..., 0., 0., 0.]],

         [[0., 0., 0.,  ..., 0., 0., 0.],
          [0., 0., 0.,  ..., 0., 0., 0.],
          [0., 0., 0.,  ..., 0., 0., 0.],
          ...,
          [0., 0., 0.,  ..., 0., 0., 0.],
          [0., 0., 0.,  ..., 0., 0., 0.],
          [0., 0., 0.,  ..., 0., 0., 0.]]]], device='cuda:0') torch.Size([1, 3, 256, 192])
[[[112.228546    44.547726  ]
  [117.381516    40.187237  ]
  [108.80512     40.519455  ]
  [ -0.85103875  -1.2639189 ]
  [ 95.72745     42.095585  ]
  [119.01597     67.43729   ]
  [ 81.80225     68.98935   ]
  [137.36249     82.82386   ]
  [ 66.48508     96.90004   ]
  [124.5157      55.467026  ]
  [ 78.74593    117.98419   ]
  [116.003914   133.24162   ]
  [ 93.33075    132.40242   ]
  [107.28269    177.13373   ]
  [ 79.514725   173.85815   ]
  [ 96.09097    214.99937   ]
  [125.10482    553.8735    ]]] <class 'numpy.ndarray'>
6
tensor([[[[0.1804, 0.1882, 0.1961,  ..., 0.8745, 0.8902, 0.8941],
          [0.1804, 0.1843, 0.2000,  ..., 0.8588, 0.8627, 0.8627],
          [0.1765, 0.1843, 0.2000,  ..., 0.8510, 0.8549, 0.8588],
          ...,
          [0.1216, 0.1216, 0.1255,  ..., 0.9882, 0.9961, 1.0000],
          [0.1098, 0.1098, 0.1059,  ..., 0.9882, 0.9961, 1.0000],
          [0.1176, 0.1176, 0.1137,  ..., 0.9843, 0.9961, 1.0000]],

         [[0.1176, 0.1333, 0.1529,  ..., 0.8392, 0.8510, 0.8471],
          [0.1176, 0.1333, 0.1529,  ..., 0.8196, 0.8196, 0.8118],
          [0.1176, 0.1333, 0.1569,  ..., 0.8078, 0.8078, 0.8078],
          ...,
          [0.0863, 0.0902, 0.0902,  ..., 0.0078, 0.0078, 0.0039],
          [0.0588, 0.0588, 0.0588,  ..., 0.0118, 0.0078, 0.0039],
          [0.0588, 0.0588, 0.0588,  ..., 0.0078, 0.0039, 0.0039]],

         [[0.1255, 0.1451, 0.1686,  ..., 0.7569, 0.7725, 0.7765],
          [0.1216, 0.1451, 0.1686,  ..., 0.7412, 0.7412, 0.7412],
          [0.1216, 0.1451, 0.1725,  ..., 0.7294, 0.7294, 0.7333],
          ...,
          [0.1020, 0.1059, 0.1059,  ..., 0.2588, 0.2667, 0.2667],
          [0.0667, 0.0667, 0.0667,  ..., 0.2588, 0.2627, 0.2588],
          [0.0627, 0.0627, 0.0588,  ..., 0.2549, 0.2588, 0.2549]]]],
       device='cuda:0') torch.Size([1, 3, 256, 192])
[[[151.38812     63.358536  ]
  [162.16835     54.168667  ]
  [139.58286     56.111336  ]
  [ -1.0634019   -0.978054  ]
  [116.73661     64.70444   ]
  [ -1.1070362   -1.4079561 ]
  [177.68134     93.77015   ]
  [ -0.98089504  -1.3685405 ]
  [145.77994    150.13838   ]
  [ -0.9242674   -1.2645183 ]
  [ -1.0240537   -1.1661582 ]
  [ -1.118778    -1.6937871 ]
  [ -0.9803546   -1.1658108 ]
  [ -1.0298951   -1.0892596 ]
  [ -0.75339764  -1.0743363 ]
  [ -0.9000926   -1.2894733 ]
  [ -0.8566169   -1.1694603 ]]] <class 'numpy.ndarray'>
7
tensor([[[[0., 0., 0.,  ..., 0., 0., 0.],
          [0., 0., 0.,  ..., 0., 0., 0.],
          [0., 0., 0.,  ..., 0., 0., 0.],
          ...,
          [0., 0., 0.,  ..., 0., 0., 0.],
          [0., 0., 0.,  ..., 0., 0., 0.],
          [0., 0., 0.,  ..., 0., 0., 0.]],

         [[0., 0., 0.,  ..., 0., 0., 0.],
          [0., 0., 0.,  ..., 0., 0., 0.],
          [0., 0., 0.,  ..., 0., 0., 0.],
          ...,
          [0., 0., 0.,  ..., 0., 0., 0.],
          [0., 0., 0.,  ..., 0., 0., 0.],
          [0., 0., 0.,  ..., 0., 0., 0.]],

         [[0., 0., 0.,  ..., 0., 0., 0.],
          [0., 0., 0.,  ..., 0., 0., 0.],
          [0., 0., 0.,  ..., 0., 0., 0.],
          ...,
          [0., 0., 0.,  ..., 0., 0., 0.],
          [0., 0., 0.,  ..., 0., 0., 0.],
          [0., 0., 0.,  ..., 0., 0., 0.]]]], device='cuda:0') torch.Size([1, 3, 256, 192])
[[[ 87.64842    104.31899   ]
  [ 98.38628     93.33978   ]
  [ 78.13696     97.6281    ]
  [120.145905    95.90492   ]
  [ -1.63049     -1.006643  ]
  [158.45377    135.85995   ]
  [ 61.766273   137.16115   ]
  [157.78555    195.17328   ]
  [ 27.813961   203.57455   ]
  [103.70538    136.57419   ]
  [247.88362    354.0312    ]
  [ -0.9000783   -1.2323973 ]
  [ -0.81039625  -0.79673076]
  [ -0.91457075  -1.1541224 ]
  [ -0.7764122   -1.0692453 ]
  [ -1.0480158   -1.0469029 ]
  [ -1.0603913   -1.1254859 ]]] <class 'numpy.ndarray'>
8
tensor([[[[0., 0., 0.,  ..., 0., 0., 0.],
          [0., 0., 0.,  ..., 0., 0., 0.],
          [0., 0., 0.,  ..., 0., 0., 0.],
          ...,
          [0., 0., 0.,  ..., 0., 0., 0.],
          [0., 0., 0.,  ..., 0., 0., 0.],
          [0., 0., 0.,  ..., 0., 0., 0.]],

         [[0., 0., 0.,  ..., 0., 0., 0.],
          [0., 0., 0.,  ..., 0., 0., 0.],
          [0., 0., 0.,  ..., 0., 0., 0.],
          ...,
          [0., 0., 0.,  ..., 0., 0., 0.],
          [0., 0., 0.,  ..., 0., 0., 0.],
          [0., 0., 0.,  ..., 0., 0., 0.]],

         [[0., 0., 0.,  ..., 0., 0., 0.],
          [0., 0., 0.,  ..., 0., 0., 0.],
          [0., 0., 0.,  ..., 0., 0., 0.],
          ...,
          [0., 0., 0.,  ..., 0., 0., 0.],
          [0., 0., 0.,  ..., 0., 0., 0.],
          [0., 0., 0.,  ..., 0., 0., 0.]]]], device='cuda:0') torch.Size([1, 3, 256, 192])
[[[107.76131     69.309616  ]
  [116.294014    58.578014  ]
  [ 92.76854     55.3387    ]
  [ -0.91139436  -1.253417  ]
  [ 67.685905    57.544853  ]
  [128.13742    118.05528   ]
  [ -1.483798    -1.5535436 ]
  [138.92108    169.67018   ]
  [ -1.2749138   -1.3970547 ]
  [247.41689    584.99567   ]
  [ -0.9433075   -1.7213023 ]
  [221.0802     616.7565    ]
  [ 72.05596    603.54474   ]
  [ -1.0132117   -0.92464715]
  [ -0.9326152   -1.0966918 ]
  [ -0.8807168   -1.3474464 ]
  [ -1.0289904   -1.6211004 ]]] <class 'numpy.ndarray'>
9
tensor([[[[0., 0., 0.,  ..., 0., 0., 0.],
          [0., 0., 0.,  ..., 0., 0., 0.],
          [0., 0., 0.,  ..., 0., 0., 0.],
          ...,
          [0., 0., 0.,  ..., 0., 0., 0.],
          [0., 0., 0.,  ..., 0., 0., 0.],
          [0., 0., 0.,  ..., 0., 0., 0.]],

         [[0., 0., 0.,  ..., 0., 0., 0.],
          [0., 0., 0.,  ..., 0., 0., 0.],
          [0., 0., 0.,  ..., 0., 0., 0.],
          ...,
          [0., 0., 0.,  ..., 0., 0., 0.],
          [0., 0., 0.,  ..., 0., 0., 0.],
          [0., 0., 0.,  ..., 0., 0., 0.]],

         [[0., 0., 0.,  ..., 0., 0., 0.],
          [0., 0., 0.,  ..., 0., 0., 0.],
          [0., 0., 0.,  ..., 0., 0., 0.],
          ...,
          [0., 0., 0.,  ..., 0., 0., 0.],
          [0., 0., 0.,  ..., 0., 0., 0.],
          [0., 0., 0.,  ..., 0., 0., 0.]]]], device='cuda:0') torch.Size([1, 3, 256, 192])
[[[127.94334    81.19082  ]
  [ -1.0106709  -1.1342841]
  [125.12342    77.684044 ]
  [ -1.1173503  -1.0128381]
  [112.30074    81.04385  ]
  [121.549545  109.70867  ]
  [ 99.16918    86.71346  ]
  [120.985306  130.58368  ]
  [ 91.2583     69.6205   ]
  [131.73723   153.158    ]
  [ 92.796135   41.02082  ]
  [101.13297   162.97682  ]
  [ 85.03905   156.00233  ]
  [ 78.619446  198.29507  ]
  [135.87628   417.17508  ]
  [ 47.13031   463.16754  ]
  [ -1.048787   -1.4179568]]] <class 'numpy.ndarray'>
Predictions were made.
Data was successfully structured and saved.
