Loading the input data and checkpoints.
Constructed model successfully.
0
tensor([[[[ 0.9474,  0.9646,  0.9303,  ..., -2.1179, -2.1179, -2.1179],
          [ 0.8447,  1.0331,  1.0673,  ..., -2.1179, -2.1179, -2.1179],
          [ 0.9132,  1.0159,  1.0502,  ..., -2.1179, -2.1179, -2.1179],
          ...,
          [-2.1179, -2.1179, -2.1179,  ..., -2.1179, -2.1179, -2.1179],
          [-2.1179, -2.1179, -2.1179,  ..., -2.1179, -2.1179, -2.1179],
          [-2.1179, -2.1179, -2.1179,  ..., -2.1179, -2.1179, -2.1179]],

         [[-0.1099, -0.0924, -0.0924,  ..., -2.0357, -2.0357, -2.0357],
          [-0.2150, -0.0224,  0.1352,  ..., -2.0357, -2.0357, -2.0357],
          [-0.0924,  0.0126,  0.0476,  ..., -2.0357, -2.0357, -2.0357],
          ...,
          [-2.0357, -2.0357, -2.0357,  ..., -2.0357, -2.0357, -2.0357],
          [-2.0357, -2.0357, -2.0357,  ..., -2.0357, -2.0357, -2.0357],
          [-2.0357, -2.0357, -2.0357,  ..., -2.0357, -2.0357, -2.0357]],

         [[ 1.1062,  1.0888,  1.0714,  ..., -1.8044, -1.8044, -1.8044],
          [ 0.9668,  1.1585,  1.2805,  ..., -1.8044, -1.8044, -1.8044],
          [ 1.0888,  1.2282,  1.2631,  ..., -1.8044, -1.8044, -1.8044],
          ...,
          [-1.8044, -1.8044, -1.8044,  ..., -1.8044, -1.8044, -1.8044],
          [-1.8044, -1.8044, -1.8044,  ..., -1.8044, -1.8044, -1.8044],
          [-1.8044, -1.8044, -1.8044,  ..., -1.8044, -1.8044, -1.8044]]]],
       device='cuda:0') torch.Size([1, 3, 256, 192])
[[[ 1.00406647e+02  6.72968750e+01  1.14971638e-01]
  [ 9.94123840e+01  5.64727287e+01  8.14565420e-02]
  [ 8.16979294e+01  4.95764427e+01  2.91463137e-01]
  [ 2.93839669e+00  3.30416036e+00 -1.57359838e-02]
  [ 2.85113659e+01  1.39340992e+01  3.42570305e-01]
  [ 1.18546021e+02  9.60692368e+01  1.81443453e-01]
  [ 5.97151566e+01  6.10729561e+01  1.18855834e-01]
  [ 1.27922607e+02  1.31995575e+02  1.93260312e-01]
  [ 7.82395096e+01  1.35399261e+02  9.91183519e-02]
  [ 1.27917580e+02  1.31971558e+02  1.93134546e-01]
  [ 7.80809784e+01  1.35679276e+02  9.32885408e-02]
  [ 7.81564178e+01  1.35583450e+02  9.50925350e-02]
  [ 7.80830460e+01  1.35722092e+02  9.29377079e-02]
  [ 2.06484079e+00  2.42611718e+00 -1.28338337e-02]
  [ 6.04503593e+01  6.21137695e+01  1.19671583e-01]
  [ 1.31547034e+00  1.66203845e+00 -8.05103779e-03]
  [ 1.09822607e+00  1.00175309e+00 -1.36327744e-02]]] <class 'numpy.ndarray'>
1
tensor([[[[-2.1179, -2.1179, -2.1179,  ..., -2.1179, -2.1179, -2.1179],
          [-2.1179, -2.1179, -2.1179,  ..., -2.1179, -2.1179, -2.1179],
          [-2.1179, -2.1179, -2.1179,  ..., -2.1179, -2.1179, -2.1179],
          ...,
          [-2.1179, -2.1179, -2.1179,  ..., -2.1179, -2.1179, -2.1179],
          [-2.1179, -2.1179, -2.1179,  ..., -2.1179, -2.1179, -2.1179],
          [-2.1179, -2.1179, -2.1179,  ..., -2.1179, -2.1179, -2.1179]],

         [[-2.0357, -2.0357, -2.0357,  ..., -2.0357, -2.0357, -2.0357],
          [-2.0357, -2.0357, -2.0357,  ..., -2.0357, -2.0357, -2.0357],
          [-2.0357, -2.0357, -2.0357,  ..., -2.0357, -2.0357, -2.0357],
          ...,
          [-2.0357, -2.0357, -2.0357,  ..., -2.0357, -2.0357, -2.0357],
          [-2.0357, -2.0357, -2.0357,  ..., -2.0357, -2.0357, -2.0357],
          [-2.0357, -2.0357, -2.0357,  ..., -2.0357, -2.0357, -2.0357]],

         [[-1.8044, -1.8044, -1.8044,  ..., -1.8044, -1.8044, -1.8044],
          [-1.8044, -1.8044, -1.8044,  ..., -1.8044, -1.8044, -1.8044],
          [-1.8044, -1.8044, -1.8044,  ..., -1.8044, -1.8044, -1.8044],
          ...,
          [-1.8044, -1.8044, -1.8044,  ..., -1.8044, -1.8044, -1.8044],
          [-1.8044, -1.8044, -1.8044,  ..., -1.8044, -1.8044, -1.8044],
          [-1.8044, -1.8044, -1.8044,  ..., -1.8044, -1.8044, -1.8044]]]],
       device='cuda:0') torch.Size([1, 3, 256, 192])
[[[ 1.00406654e+02  6.72968750e+01  1.14971519e-01]
  [ 9.94123840e+01  5.64727287e+01  8.14565420e-02]
  [ 8.16979294e+01  4.95764427e+01  2.91462898e-01]
  [ 2.93839574e+00  3.30415845e+00 -1.57359838e-02]
  [ 2.85113659e+01  1.39341002e+01  3.42570305e-01]
  [ 1.18546021e+02  9.60692368e+01  1.81443334e-01]
  [ 5.97151527e+01  6.10729446e+01  1.18855953e-01]
  [ 1.27922607e+02  1.31995560e+02  1.93260312e-01]
  [ 7.82395096e+01  1.35399261e+02  9.91183519e-02]
  [ 1.27917580e+02  1.31971558e+02  1.93134546e-01]
  [ 7.80809708e+01  1.35679260e+02  9.32884216e-02]
  [ 7.81564178e+01  1.35583450e+02  9.50926542e-02]
  [ 7.80830460e+01  1.35722092e+02  9.29377079e-02]
  [ 2.06483936e+00  2.42611456e+00 -1.28338337e-02]
  [ 6.04503593e+01  6.21137619e+01  1.19671345e-01]
  [ 1.31546974e+00  1.66203821e+00 -8.05115700e-03]
  [ 1.09822679e+00  1.00175405e+00 -1.36326551e-02]]] <class 'numpy.ndarray'>
2
tensor([[[[-2.1179, -2.1179, -2.1179,  ..., -2.1179, -2.1179, -2.1179],
          [-2.1179, -2.1179, -2.1179,  ..., -2.1179, -2.1179, -2.1179],
          [-2.1179, -2.1179, -2.1179,  ..., -2.1179, -2.1179, -2.1179],
          ...,
          [-2.1179, -2.1179, -2.1179,  ..., -2.1179, -2.1179, -2.1179],
          [-2.1179, -2.1179, -2.1179,  ..., -2.1179, -2.1179, -2.1179],
          [-2.1179, -2.1179, -2.1179,  ..., -2.1179, -2.1179, -2.1179]],

         [[-2.0357, -2.0357, -2.0357,  ..., -2.0357, -2.0357, -2.0357],
          [-2.0357, -2.0357, -2.0357,  ..., -2.0357, -2.0357, -2.0357],
          [-2.0357, -2.0357, -2.0357,  ..., -2.0357, -2.0357, -2.0357],
          ...,
          [-2.0357, -2.0357, -2.0357,  ..., -2.0357, -2.0357, -2.0357],
          [-2.0357, -2.0357, -2.0357,  ..., -2.0357, -2.0357, -2.0357],
          [-2.0357, -2.0357, -2.0357,  ..., -2.0357, -2.0357, -2.0357]],

         [[-1.8044, -1.8044, -1.8044,  ..., -1.8044, -1.8044, -1.8044],
          [-1.8044, -1.8044, -1.8044,  ..., -1.8044, -1.8044, -1.8044],
          [-1.8044, -1.8044, -1.8044,  ..., -1.8044, -1.8044, -1.8044],
          ...,
          [-1.8044, -1.8044, -1.8044,  ..., -1.8044, -1.8044, -1.8044],
          [-1.8044, -1.8044, -1.8044,  ..., -1.8044, -1.8044, -1.8044],
          [-1.8044, -1.8044, -1.8044,  ..., -1.8044, -1.8044, -1.8044]]]],
       device='cuda:0') torch.Size([1, 3, 256, 192])
[[[ 1.00406647e+02  6.72968750e+01  1.14971638e-01]
  [ 9.94123688e+01  5.64727287e+01  8.14561844e-02]
  [ 8.16979294e+01  4.95764427e+01  2.91463017e-01]
  [ 2.93839693e+00  3.30415940e+00 -1.57361031e-02]
  [ 2.85113659e+01  1.39340992e+01  3.42569947e-01]
  [ 1.18546021e+02  9.60692291e+01  1.81443334e-01]
  [ 5.97151489e+01  6.10729408e+01  1.18855834e-01]
  [ 1.27922607e+02  1.31995575e+02  1.93260312e-01]
  [ 7.82395096e+01  1.35399261e+02  9.91183519e-02]
  [ 1.27917580e+02  1.31971558e+02  1.93134546e-01]
  [ 7.80809708e+01  1.35679260e+02  9.32885408e-02]
  [ 7.81564178e+01  1.35583450e+02  9.50925350e-02]
  [ 7.80830460e+01  1.35722092e+02  9.29377079e-02]
  [ 2.06483936e+00  2.42611456e+00 -1.28337145e-02]
  [ 6.04503555e+01  6.21137695e+01  1.19671345e-01]
  [ 1.31546998e+00  1.66203892e+00 -8.05103779e-03]
  [ 1.09822607e+00  1.00175428e+00 -1.36326551e-02]]] <class 'numpy.ndarray'>
3
tensor([[[[-0.1999,  0.4851,  0.4508,  ...,  0.6563,  0.5364,  0.5878],
          [-0.3541,  0.2796,  0.4166,  ...,  0.6049,  0.2967,  0.0056],
          [-0.0458,  0.3481,  0.3138,  ...,  0.5022, -0.1143, -0.1828],
          ...,
          [-0.0629, -0.0972, -0.1486,  ...,  0.0398,  0.0569,  0.0912],
          [-0.0116,  0.0398,  0.0741,  ...,  0.0056, -0.1486,  0.1083],
          [ 0.0056, -0.0801, -0.0287,  ...,  0.0741,  0.2624,  0.2624]],

         [[ 0.2577,  0.9930,  0.9580,  ...,  1.1155,  0.9930,  1.0980],
          [ 0.1527,  0.8179,  0.9405,  ...,  1.0630,  0.8179,  0.5378],
          [ 0.4503,  0.8704,  0.8354,  ...,  1.0280,  0.3978,  0.3627],
          ...,
          [ 0.0126, -0.0224, -0.0924,  ...,  0.0651,  0.1352,  0.1527],
          [-0.0574, -0.0224,  0.0301,  ...,  0.0826, -0.1275,  0.1176],
          [ 0.0476, -0.0224,  0.0651,  ...,  0.1527,  0.2927,  0.2577]],

         [[ 1.0191,  1.5768,  1.3154,  ...,  1.5942,  1.4548,  1.4722],
          [ 0.7925,  1.3502,  1.2108,  ...,  1.5420,  1.2108,  0.8971],
          [ 0.9668,  1.2631,  1.0539,  ...,  1.4548,  0.7925,  0.7054],
          ...,
          [ 0.1825,  0.1302,  0.0605,  ...,  0.1476,  0.2173,  0.1999],
          [ 0.1476,  0.1651,  0.2173,  ...,  0.1651, -0.0092,  0.1999],
          [ 0.2173,  0.1302,  0.1999,  ...,  0.1999,  0.3742,  0.3219]]]],
       device='cuda:0') torch.Size([1, 3, 256, 192])
[[[ 1.00406654e+02  6.72968750e+01  1.14971638e-01]
  [ 9.94123688e+01  5.64727287e+01  8.14561844e-02]
  [ 8.16979294e+01  4.95764427e+01  2.91463137e-01]
  [ 2.93839574e+00  3.30415893e+00 -1.57359838e-02]
  [ 2.85113659e+01  1.39341002e+01  3.42570305e-01]
  [ 1.18546021e+02  9.60692368e+01  1.81443453e-01]
  [ 5.97151527e+01  6.10729523e+01  1.18855953e-01]
  [ 1.27922607e+02  1.31995560e+02  1.93260312e-01]
  [ 7.82395096e+01  1.35399261e+02  9.91184711e-02]
  [ 1.27917564e+02  1.31971558e+02  1.93134546e-01]
  [ 7.80809708e+01  1.35679260e+02  9.32884216e-02]
  [ 7.81564178e+01  1.35583450e+02  9.50925350e-02]
  [ 7.80830460e+01  1.35722092e+02  9.29377079e-02]
  [ 2.06483912e+00  2.42611408e+00 -1.28337145e-02]
  [ 6.04503593e+01  6.21137695e+01  1.19671583e-01]
  [ 1.31546986e+00  1.66203916e+00 -8.05115700e-03]
  [ 1.09822595e+00  1.00175285e+00 -1.36327744e-02]]] <class 'numpy.ndarray'>
4
tensor([[[[-2.1179, -2.1179, -2.1179,  ..., -2.1179, -2.1179, -2.1179],
          [-2.1179, -2.1179, -2.1179,  ..., -2.1179, -2.1179, -2.1179],
          [-2.1179, -2.1179, -2.1179,  ..., -2.1179, -2.1179, -2.1179],
          ...,
          [-2.1179, -2.1179, -2.1179,  ..., -2.1179, -2.1179, -2.1179],
          [-2.1179, -2.1179, -2.1179,  ..., -2.1179, -2.1179, -2.1179],
          [-2.1179, -2.1179, -2.1179,  ..., -2.1179, -2.1179, -2.1179]],

         [[-2.0357, -2.0357, -2.0357,  ..., -2.0357, -2.0357, -2.0357],
          [-2.0357, -2.0357, -2.0357,  ..., -2.0357, -2.0357, -2.0357],
          [-2.0357, -2.0357, -2.0357,  ..., -2.0357, -2.0357, -2.0357],
          ...,
          [-2.0357, -2.0357, -2.0357,  ..., -2.0357, -2.0357, -2.0357],
          [-2.0357, -2.0357, -2.0357,  ..., -2.0357, -2.0357, -2.0357],
          [-2.0357, -2.0357, -2.0357,  ..., -2.0357, -2.0357, -2.0357]],

         [[-1.8044, -1.8044, -1.8044,  ..., -1.8044, -1.8044, -1.8044],
          [-1.8044, -1.8044, -1.8044,  ..., -1.8044, -1.8044, -1.8044],
          [-1.8044, -1.8044, -1.8044,  ..., -1.8044, -1.8044, -1.8044],
          ...,
          [-1.8044, -1.8044, -1.8044,  ..., -1.8044, -1.8044, -1.8044],
          [-1.8044, -1.8044, -1.8044,  ..., -1.8044, -1.8044, -1.8044],
          [-1.8044, -1.8044, -1.8044,  ..., -1.8044, -1.8044, -1.8044]]]],
       device='cuda:0') torch.Size([1, 3, 256, 192])
[[[ 1.00406654e+02  6.72968750e+01  1.14971876e-01]
  [ 9.94123840e+01  5.64727249e+01  8.14565420e-02]
  [ 8.16979294e+01  4.95764427e+01  2.91463137e-01]
  [ 2.93839550e+00  3.30415916e+00 -1.57361031e-02]
  [ 2.85113659e+01  1.39340992e+01  3.42570305e-01]
  [ 1.18546021e+02  9.60692291e+01  1.81443453e-01]
  [ 5.97151451e+01  6.10729408e+01  1.18856192e-01]
  [ 1.27922607e+02  1.31995560e+02  1.93260312e-01]
  [ 7.82394943e+01  1.35399261e+02  9.91183519e-02]
  [ 1.27917564e+02  1.31971558e+02  1.93134546e-01]
  [ 7.80809708e+01  1.35679260e+02  9.32884216e-02]
  [ 7.81564178e+01  1.35583450e+02  9.50925350e-02]
  [ 7.80830460e+01  1.35722076e+02  9.29374695e-02]
  [ 2.06483865e+00  2.42611432e+00 -1.28337145e-02]
  [ 6.04503593e+01  6.21137695e+01  1.19671583e-01]
  [ 1.31546950e+00  1.66203868e+00 -8.05103779e-03]
  [ 1.09822536e+00  1.00175309e+00 -1.36326551e-02]]] <class 'numpy.ndarray'>
5
tensor([[[[-2.1179, -2.1179, -2.1179,  ..., -2.1179, -2.1179, -2.1179],
          [-2.1179, -2.1179, -2.1179,  ..., -2.1179, -2.1179, -2.1179],
          [-2.1179, -2.1179, -2.1179,  ..., -2.1179, -2.1179, -2.1179],
          ...,
          [-2.1179, -2.1179, -2.1179,  ..., -2.1179, -2.1179, -2.1179],
          [-2.1179, -2.1179, -2.1179,  ..., -2.1179, -2.1179, -2.1179],
          [-2.1179, -2.1179, -2.1179,  ..., -2.1179, -2.1179, -2.1179]],

         [[-2.0357, -2.0357, -2.0357,  ..., -2.0357, -2.0357, -2.0357],
          [-2.0357, -2.0357, -2.0357,  ..., -2.0357, -2.0357, -2.0357],
          [-2.0357, -2.0357, -2.0357,  ..., -2.0357, -2.0357, -2.0357],
          ...,
          [-2.0357, -2.0357, -2.0357,  ..., -2.0357, -2.0357, -2.0357],
          [-2.0357, -2.0357, -2.0357,  ..., -2.0357, -2.0357, -2.0357],
          [-2.0357, -2.0357, -2.0357,  ..., -2.0357, -2.0357, -2.0357]],

         [[-1.8044, -1.8044, -1.8044,  ..., -1.8044, -1.8044, -1.8044],
          [-1.8044, -1.8044, -1.8044,  ..., -1.8044, -1.8044, -1.8044],
          [-1.8044, -1.8044, -1.8044,  ..., -1.8044, -1.8044, -1.8044],
          ...,
          [-1.8044, -1.8044, -1.8044,  ..., -1.8044, -1.8044, -1.8044],
          [-1.8044, -1.8044, -1.8044,  ..., -1.8044, -1.8044, -1.8044],
          [-1.8044, -1.8044, -1.8044,  ..., -1.8044, -1.8044, -1.8044]]]],
       device='cuda:0') torch.Size([1, 3, 256, 192])
[[[ 1.00406654e+02  6.72968750e+01  1.14971876e-01]
  [ 9.94123840e+01  5.64727287e+01  8.14565420e-02]
  [ 8.16979294e+01  4.95764427e+01  2.91463137e-01]
  [ 2.93839550e+00  3.30415940e+00 -1.57359838e-02]
  [ 2.85113659e+01  1.39341002e+01  3.42570305e-01]
  [ 1.18546013e+02  9.60692291e+01  1.81443453e-01]
  [ 5.97151566e+01  6.10729561e+01  1.18855953e-01]
  [ 1.27922607e+02  1.31995560e+02  1.93260312e-01]
  [ 7.82395096e+01  1.35399277e+02  9.91184711e-02]
  [ 1.27917580e+02  1.31971558e+02  1.93134546e-01]
  [ 7.80809784e+01  1.35679260e+02  9.32885408e-02]
  [ 7.81564178e+01  1.35583450e+02  9.50925350e-02]
  [ 7.80830460e+01  1.35722092e+02  9.29377079e-02]
  [ 2.06483841e+00  2.42611504e+00 -1.28337145e-02]
  [ 6.04503555e+01  6.21137657e+01  1.19671345e-01]
  [ 1.31547093e+00  1.66203892e+00 -8.05103779e-03]
  [ 1.09822595e+00  1.00175238e+00 -1.36326551e-02]]] <class 'numpy.ndarray'>
6
tensor([[[[-1.3302, -1.2959, -1.2617,  ...,  1.7009,  1.7694,  1.7865],
          [-1.3302, -1.3130, -1.2445,  ...,  1.6324,  1.6495,  1.6495],
          [-1.3473, -1.3130, -1.2445,  ...,  1.5982,  1.6153,  1.6324],
          ...,
          [-1.5870, -1.5870, -1.5699,  ...,  2.1975,  2.2318,  2.2489],
          [-1.6384, -1.6384, -1.6555,  ...,  2.1975,  2.2318,  2.2489],
          [-1.6042, -1.6042, -1.6213,  ...,  2.1804,  2.2318,  2.2489]],

         [[-1.5105, -1.4405, -1.3529,  ...,  1.7108,  1.7633,  1.7458],
          [-1.5105, -1.4405, -1.3529,  ...,  1.6232,  1.6232,  1.5882],
          [-1.5105, -1.4405, -1.3354,  ...,  1.5707,  1.5707,  1.5707],
          ...,
          [-1.6506, -1.6331, -1.6331,  ..., -2.0007, -2.0007, -2.0182],
          [-1.7731, -1.7731, -1.7731,  ..., -1.9832, -2.0007, -2.0182],
          [-1.7731, -1.7731, -1.7731,  ..., -2.0007, -2.0182, -2.0182]],

         [[-1.2467, -1.1596, -1.0550,  ...,  1.5594,  1.6291,  1.6465],
          [-1.2641, -1.1596, -1.0550,  ...,  1.4897,  1.4897,  1.4897],
          [-1.2641, -1.1596, -1.0376,  ...,  1.4374,  1.4374,  1.4548],
          ...,
          [-1.3513, -1.3339, -1.3339,  ..., -0.6541, -0.6193, -0.6193],
          [-1.5081, -1.5081, -1.5081,  ..., -0.6541, -0.6367, -0.6541],
          [-1.5256, -1.5256, -1.5430,  ..., -0.6715, -0.6541, -0.6715]]]],
       device='cuda:0') torch.Size([1, 3, 256, 192])
[[[ 1.00406654e+02  6.72968750e+01  1.14971519e-01]
  [ 9.94123840e+01  5.64727325e+01  8.14565420e-02]
  [ 8.16979294e+01  4.95764427e+01  2.91463137e-01]
  [ 2.93839693e+00  3.30416012e+00 -1.57361031e-02]
  [ 2.85113659e+01  1.39340992e+01  3.42570305e-01]
  [ 1.18546021e+02  9.60692368e+01  1.81443453e-01]
  [ 5.97151489e+01  6.10729446e+01  1.18856192e-01]
  [ 1.27922607e+02  1.31995575e+02  1.93260312e-01]
  [ 7.82395096e+01  1.35399261e+02  9.91183519e-02]
  [ 1.27917580e+02  1.31971558e+02  1.93134546e-01]
  [ 7.80809708e+01  1.35679260e+02  9.32884216e-02]
  [ 7.81564178e+01  1.35583450e+02  9.50925350e-02]
  [ 7.80830460e+01  1.35722092e+02  9.29377079e-02]
  [ 2.06484056e+00  2.42611623e+00 -1.28338337e-02]
  [ 6.04503593e+01  6.21137695e+01  1.19671583e-01]
  [ 1.31546950e+00  1.66203892e+00 -8.05103779e-03]
  [ 1.09822524e+00  1.00175238e+00 -1.36327744e-02]]] <class 'numpy.ndarray'>
7
tensor([[[[-2.1179, -2.1179, -2.1179,  ..., -2.1179, -2.1179, -2.1179],
          [-2.1179, -2.1179, -2.1179,  ..., -2.1179, -2.1179, -2.1179],
          [-2.1179, -2.1179, -2.1179,  ..., -2.1179, -2.1179, -2.1179],
          ...,
          [-2.1179, -2.1179, -2.1179,  ..., -2.1179, -2.1179, -2.1179],
          [-2.1179, -2.1179, -2.1179,  ..., -2.1179, -2.1179, -2.1179],
          [-2.1179, -2.1179, -2.1179,  ..., -2.1179, -2.1179, -2.1179]],

         [[-2.0357, -2.0357, -2.0357,  ..., -2.0357, -2.0357, -2.0357],
          [-2.0357, -2.0357, -2.0357,  ..., -2.0357, -2.0357, -2.0357],
          [-2.0357, -2.0357, -2.0357,  ..., -2.0357, -2.0357, -2.0357],
          ...,
          [-2.0357, -2.0357, -2.0357,  ..., -2.0357, -2.0357, -2.0357],
          [-2.0357, -2.0357, -2.0357,  ..., -2.0357, -2.0357, -2.0357],
          [-2.0357, -2.0357, -2.0357,  ..., -2.0357, -2.0357, -2.0357]],

         [[-1.8044, -1.8044, -1.8044,  ..., -1.8044, -1.8044, -1.8044],
          [-1.8044, -1.8044, -1.8044,  ..., -1.8044, -1.8044, -1.8044],
          [-1.8044, -1.8044, -1.8044,  ..., -1.8044, -1.8044, -1.8044],
          ...,
          [-1.8044, -1.8044, -1.8044,  ..., -1.8044, -1.8044, -1.8044],
          [-1.8044, -1.8044, -1.8044,  ..., -1.8044, -1.8044, -1.8044],
          [-1.8044, -1.8044, -1.8044,  ..., -1.8044, -1.8044, -1.8044]]]],
       device='cuda:0') torch.Size([1, 3, 256, 192])
[[[ 1.00406654e+02  6.72968750e+01  1.14971399e-01]
  [ 9.94123840e+01  5.64727287e+01  8.14565420e-02]
  [ 8.16979294e+01  4.95764427e+01  2.91463137e-01]
  [ 2.93839645e+00  3.30415940e+00 -1.57361031e-02]
  [ 2.85113659e+01  1.39340992e+01  3.42570305e-01]
  [ 1.18546021e+02  9.60692368e+01  1.81443453e-01]
  [ 5.97151566e+01  6.10729561e+01  1.18855953e-01]
  [ 1.27922607e+02  1.31995560e+02  1.93260312e-01]
  [ 7.82395096e+01  1.35399261e+02  9.91183519e-02]
  [ 1.27917580e+02  1.31971558e+02  1.93134546e-01]
  [ 7.80809708e+01  1.35679260e+02  9.32885408e-02]
  [ 7.81564178e+01  1.35583450e+02  9.50925350e-02]
  [ 7.80830460e+01  1.35722092e+02  9.29377079e-02]
  [ 2.06484008e+00  2.42611575e+00 -1.28337145e-02]
  [ 6.04503593e+01  6.21137695e+01  1.19671583e-01]
  [ 1.31547034e+00  1.66203916e+00 -8.05103779e-03]
  [ 1.09822679e+00  1.00175440e+00 -1.36326551e-02]]] <class 'numpy.ndarray'>
8
tensor([[[[-2.1179, -2.1179, -2.1179,  ..., -2.1179, -2.1179, -2.1179],
          [-2.1179, -2.1179, -2.1179,  ..., -2.1179, -2.1179, -2.1179],
          [-2.1179, -2.1179, -2.1179,  ..., -2.1179, -2.1179, -2.1179],
          ...,
          [-2.1179, -2.1179, -2.1179,  ..., -2.1179, -2.1179, -2.1179],
          [-2.1179, -2.1179, -2.1179,  ..., -2.1179, -2.1179, -2.1179],
          [-2.1179, -2.1179, -2.1179,  ..., -2.1179, -2.1179, -2.1179]],

         [[-2.0357, -2.0357, -2.0357,  ..., -2.0357, -2.0357, -2.0357],
          [-2.0357, -2.0357, -2.0357,  ..., -2.0357, -2.0357, -2.0357],
          [-2.0357, -2.0357, -2.0357,  ..., -2.0357, -2.0357, -2.0357],
          ...,
          [-2.0357, -2.0357, -2.0357,  ..., -2.0357, -2.0357, -2.0357],
          [-2.0357, -2.0357, -2.0357,  ..., -2.0357, -2.0357, -2.0357],
          [-2.0357, -2.0357, -2.0357,  ..., -2.0357, -2.0357, -2.0357]],

         [[-1.8044, -1.8044, -1.8044,  ..., -1.8044, -1.8044, -1.8044],
          [-1.8044, -1.8044, -1.8044,  ..., -1.8044, -1.8044, -1.8044],
          [-1.8044, -1.8044, -1.8044,  ..., -1.8044, -1.8044, -1.8044],
          ...,
          [-1.8044, -1.8044, -1.8044,  ..., -1.8044, -1.8044, -1.8044],
          [-1.8044, -1.8044, -1.8044,  ..., -1.8044, -1.8044, -1.8044],
          [-1.8044, -1.8044, -1.8044,  ..., -1.8044, -1.8044, -1.8044]]]],
       device='cuda:0') torch.Size([1, 3, 256, 192])
[[[ 1.00406647e+02  6.72968750e+01  1.14971876e-01]
  [ 9.94123688e+01  5.64727287e+01  8.14561844e-02]
  [ 8.16979294e+01  4.95764427e+01  2.91463017e-01]
  [ 2.93839693e+00  3.30416012e+00 -1.57361031e-02]
  [ 2.85113659e+01  1.39340992e+01  3.42570305e-01]
  [ 1.18546021e+02  9.60692368e+01  1.81443453e-01]
  [ 5.97151489e+01  6.10729408e+01  1.18855953e-01]
  [ 1.27922607e+02  1.31995560e+02  1.93260312e-01]
  [ 7.82395096e+01  1.35399261e+02  9.91184711e-02]
  [ 1.27917580e+02  1.31971558e+02  1.93134546e-01]
  [ 7.80809784e+01  1.35679276e+02  9.32885408e-02]
  [ 7.81564178e+01  1.35583450e+02  9.50925350e-02]
  [ 7.80830460e+01  1.35722092e+02  9.29377079e-02]
  [ 2.06484008e+00  2.42611551e+00 -1.28338337e-02]
  [ 6.04503555e+01  6.21137619e+01  1.19671226e-01]
  [ 1.31546867e+00  1.66203773e+00 -8.05103779e-03]
  [ 1.09822607e+00  1.00175309e+00 -1.36327744e-02]]] <class 'numpy.ndarray'>
9
tensor([[[[-2.1179, -2.1179, -2.1179,  ..., -2.1179, -2.1179, -2.1179],
          [-2.1179, -2.1179, -2.1179,  ..., -2.1179, -2.1179, -2.1179],
          [-2.1179, -2.1179, -2.1179,  ..., -2.1179, -2.1179, -2.1179],
          ...,
          [-2.1179, -2.1179, -2.1179,  ..., -2.1179, -2.1179, -2.1179],
          [-2.1179, -2.1179, -2.1179,  ..., -2.1179, -2.1179, -2.1179],
          [-2.1179, -2.1179, -2.1179,  ..., -2.1179, -2.1179, -2.1179]],

         [[-2.0357, -2.0357, -2.0357,  ..., -2.0357, -2.0357, -2.0357],
          [-2.0357, -2.0357, -2.0357,  ..., -2.0357, -2.0357, -2.0357],
          [-2.0357, -2.0357, -2.0357,  ..., -2.0357, -2.0357, -2.0357],
          ...,
          [-2.0357, -2.0357, -2.0357,  ..., -2.0357, -2.0357, -2.0357],
          [-2.0357, -2.0357, -2.0357,  ..., -2.0357, -2.0357, -2.0357],
          [-2.0357, -2.0357, -2.0357,  ..., -2.0357, -2.0357, -2.0357]],

         [[-1.8044, -1.8044, -1.8044,  ..., -1.8044, -1.8044, -1.8044],
          [-1.8044, -1.8044, -1.8044,  ..., -1.8044, -1.8044, -1.8044],
          [-1.8044, -1.8044, -1.8044,  ..., -1.8044, -1.8044, -1.8044],
          ...,
          [-1.8044, -1.8044, -1.8044,  ..., -1.8044, -1.8044, -1.8044],
          [-1.8044, -1.8044, -1.8044,  ..., -1.8044, -1.8044, -1.8044],
          [-1.8044, -1.8044, -1.8044,  ..., -1.8044, -1.8044, -1.8044]]]],
       device='cuda:0') torch.Size([1, 3, 256, 192])
[[[ 1.00406654e+02  6.72968750e+01  1.14971519e-01]
  [ 9.94123840e+01  5.64727325e+01  8.14565420e-02]
  [ 8.16979294e+01  4.95764427e+01  2.91462898e-01]
  [ 2.93839598e+00  3.30415964e+00 -1.57361031e-02]
  [ 2.85113659e+01  1.39341002e+01  3.42570305e-01]
  [ 1.18546013e+02  9.60692291e+01  1.81443453e-01]
  [ 5.97151489e+01  6.10729523e+01  1.18856192e-01]
  [ 1.27922607e+02  1.31995560e+02  1.93260193e-01]
  [ 7.82395096e+01  1.35399261e+02  9.91183519e-02]
  [ 1.27917580e+02  1.31971558e+02  1.93134546e-01]
  [ 7.80809708e+01  1.35679260e+02  9.32885408e-02]
  [ 7.81564178e+01  1.35583466e+02  9.50925350e-02]
  [ 7.80830460e+01  1.35722092e+02  9.29377079e-02]
  [ 2.06484127e+00  2.42611742e+00 -1.28338337e-02]
  [ 6.04503593e+01  6.21137695e+01  1.19671583e-01]
  [ 1.31546938e+00  1.66203868e+00 -8.05115700e-03]
  [ 1.09822607e+00  1.00175357e+00 -1.36327744e-02]]] <class 'numpy.ndarray'>
Predictions were made.
Data was successfully structured and saved.
