Loading the input data and checkpoints.
Constructed model successfully.
0
tensor([[[[ 0.9474,  0.9646,  0.9303,  ..., -2.1179, -2.1179, -2.1179],
          [ 0.8447,  1.0331,  1.0673,  ..., -2.1179, -2.1179, -2.1179],
          [ 0.9132,  1.0159,  1.0502,  ..., -2.1179, -2.1179, -2.1179],
          ...,
          [-2.1179, -2.1179, -2.1179,  ..., -2.1179, -2.1179, -2.1179],
          [-2.1179, -2.1179, -2.1179,  ..., -2.1179, -2.1179, -2.1179],
          [-2.1179, -2.1179, -2.1179,  ..., -2.1179, -2.1179, -2.1179]],

         [[-0.1099, -0.0924, -0.0924,  ..., -2.0357, -2.0357, -2.0357],
          [-0.2150, -0.0224,  0.1352,  ..., -2.0357, -2.0357, -2.0357],
          [-0.0924,  0.0126,  0.0476,  ..., -2.0357, -2.0357, -2.0357],
          ...,
          [-2.0357, -2.0357, -2.0357,  ..., -2.0357, -2.0357, -2.0357],
          [-2.0357, -2.0357, -2.0357,  ..., -2.0357, -2.0357, -2.0357],
          [-2.0357, -2.0357, -2.0357,  ..., -2.0357, -2.0357, -2.0357]],

         [[ 1.1062,  1.0888,  1.0714,  ..., -1.8044, -1.8044, -1.8044],
          [ 0.9668,  1.1585,  1.2805,  ..., -1.8044, -1.8044, -1.8044],
          [ 1.0888,  1.2282,  1.2631,  ..., -1.8044, -1.8044, -1.8044],
          ...,
          [-1.8044, -1.8044, -1.8044,  ..., -1.8044, -1.8044, -1.8044],
          [-1.8044, -1.8044, -1.8044,  ..., -1.8044, -1.8044, -1.8044],
          [-1.8044, -1.8044, -1.8044,  ..., -1.8044, -1.8044, -1.8044]]]],
       device='cuda:0') torch.Size([1, 3, 256, 192])
[[[ 6.43182983e+01  6.09717445e+01  1.00331306e-01]
  [ 7.32406006e+01  5.18848495e+01  1.09217644e-01]
  [ 5.88817749e+01  5.75634384e+01  7.85953999e-02]
  [ 9.25162659e+01  5.33044891e+01  3.68189812e-03]
  [ 5.79873848e+01  6.45570602e+01  8.03287029e-02]
  [ 1.14002655e+02  1.03886650e+02  1.47650003e-01]
  [ 4.78172264e+01  1.02857857e+02  6.62469864e-02]
  [ 1.36912796e+02  1.75556107e+02  3.08269262e-02]
  [ 4.73231239e+01  1.87066315e+02  5.62387705e-02]
  [ 1.53069717e+02  2.32049149e+02  1.16611242e-01]
  [ 6.17675629e+01  1.53565277e+02  8.78291130e-02]
  [ 1.04065521e+02  2.24081528e+02  6.82036877e-02]
  [ 7.24240723e+01  2.25905258e+02  4.76406813e-02]
  [-2.62277484e+00 -4.47264957e+00  5.55304289e-02]
  [-2.46370840e+00 -4.43753433e+00  5.66709042e-02]
  [-2.64285302e+00 -4.47091293e+00  5.65586090e-02]
  [-2.49243546e+00 -4.27616978e+00  5.57610989e-02]]] <class 'numpy.ndarray'>
1
tensor([[[[-2.1179, -2.1179, -2.1179,  ..., -2.1179, -2.1179, -2.1179],
          [-2.1179, -2.1179, -2.1179,  ..., -2.1179, -2.1179, -2.1179],
          [-2.1179, -2.1179, -2.1179,  ..., -2.1179, -2.1179, -2.1179],
          ...,
          [-2.1179, -2.1179, -2.1179,  ..., -2.1179, -2.1179, -2.1179],
          [-2.1179, -2.1179, -2.1179,  ..., -2.1179, -2.1179, -2.1179],
          [-2.1179, -2.1179, -2.1179,  ..., -2.1179, -2.1179, -2.1179]],

         [[-2.0357, -2.0357, -2.0357,  ..., -2.0357, -2.0357, -2.0357],
          [-2.0357, -2.0357, -2.0357,  ..., -2.0357, -2.0357, -2.0357],
          [-2.0357, -2.0357, -2.0357,  ..., -2.0357, -2.0357, -2.0357],
          ...,
          [-2.0357, -2.0357, -2.0357,  ..., -2.0357, -2.0357, -2.0357],
          [-2.0357, -2.0357, -2.0357,  ..., -2.0357, -2.0357, -2.0357],
          [-2.0357, -2.0357, -2.0357,  ..., -2.0357, -2.0357, -2.0357]],

         [[-1.8044, -1.8044, -1.8044,  ..., -1.8044, -1.8044, -1.8044],
          [-1.8044, -1.8044, -1.8044,  ..., -1.8044, -1.8044, -1.8044],
          [-1.8044, -1.8044, -1.8044,  ..., -1.8044, -1.8044, -1.8044],
          ...,
          [-1.8044, -1.8044, -1.8044,  ..., -1.8044, -1.8044, -1.8044],
          [-1.8044, -1.8044, -1.8044,  ..., -1.8044, -1.8044, -1.8044],
          [-1.8044, -1.8044, -1.8044,  ..., -1.8044, -1.8044, -1.8044]]]],
       device='cuda:0') torch.Size([1, 3, 256, 192])
[[[ 6.43182983e+01  6.09717445e+01  1.00331306e-01]
  [ 7.32406006e+01  5.18848495e+01  1.09217882e-01]
  [ 5.88817749e+01  5.75634422e+01  7.85953999e-02]
  [ 9.25162659e+01  5.33044891e+01  3.68165970e-03]
  [ 5.79873848e+01  6.45570602e+01  8.03287029e-02]
  [ 1.14002655e+02  1.03886650e+02  1.47650003e-01]
  [ 4.78172264e+01  1.02857857e+02  6.62469864e-02]
  [ 1.36912781e+02  1.75556091e+02  3.08269262e-02]
  [ 4.73231239e+01  1.87066330e+02  5.62387705e-02]
  [ 1.53069717e+02  2.32049149e+02  1.16611242e-01]
  [ 6.17675629e+01  1.53565277e+02  8.78291130e-02]
  [ 1.04065521e+02  2.24081528e+02  6.82035685e-02]
  [ 7.24240723e+01  2.25905258e+02  4.76408005e-02]
  [-2.62277627e+00 -4.47265100e+00  5.55305481e-02]
  [-2.46371412e+00 -4.43754292e+00  5.66711426e-02]
  [-2.64285207e+00 -4.47091007e+00  5.65586090e-02]
  [-2.49243498e+00 -4.27616882e+00  5.57609797e-02]]] <class 'numpy.ndarray'>
2
tensor([[[[-2.1179, -2.1179, -2.1179,  ..., -2.1179, -2.1179, -2.1179],
          [-2.1179, -2.1179, -2.1179,  ..., -2.1179, -2.1179, -2.1179],
          [-2.1179, -2.1179, -2.1179,  ..., -2.1179, -2.1179, -2.1179],
          ...,
          [-2.1179, -2.1179, -2.1179,  ..., -2.1179, -2.1179, -2.1179],
          [-2.1179, -2.1179, -2.1179,  ..., -2.1179, -2.1179, -2.1179],
          [-2.1179, -2.1179, -2.1179,  ..., -2.1179, -2.1179, -2.1179]],

         [[-2.0357, -2.0357, -2.0357,  ..., -2.0357, -2.0357, -2.0357],
          [-2.0357, -2.0357, -2.0357,  ..., -2.0357, -2.0357, -2.0357],
          [-2.0357, -2.0357, -2.0357,  ..., -2.0357, -2.0357, -2.0357],
          ...,
          [-2.0357, -2.0357, -2.0357,  ..., -2.0357, -2.0357, -2.0357],
          [-2.0357, -2.0357, -2.0357,  ..., -2.0357, -2.0357, -2.0357],
          [-2.0357, -2.0357, -2.0357,  ..., -2.0357, -2.0357, -2.0357]],

         [[-1.8044, -1.8044, -1.8044,  ..., -1.8044, -1.8044, -1.8044],
          [-1.8044, -1.8044, -1.8044,  ..., -1.8044, -1.8044, -1.8044],
          [-1.8044, -1.8044, -1.8044,  ..., -1.8044, -1.8044, -1.8044],
          ...,
          [-1.8044, -1.8044, -1.8044,  ..., -1.8044, -1.8044, -1.8044],
          [-1.8044, -1.8044, -1.8044,  ..., -1.8044, -1.8044, -1.8044],
          [-1.8044, -1.8044, -1.8044,  ..., -1.8044, -1.8044, -1.8044]]]],
       device='cuda:0') torch.Size([1, 3, 256, 192])
[[[ 6.43182983e+01  6.09717445e+01  1.00331306e-01]
  [ 7.32406006e+01  5.18848495e+01  1.09217644e-01]
  [ 5.88817749e+01  5.75634384e+01  7.85953999e-02]
  [ 9.25162659e+01  5.33044891e+01  3.68165970e-03]
  [ 5.79873848e+01  6.45570602e+01  8.03287029e-02]
  [ 1.14002663e+02  1.03886658e+02  1.47650003e-01]
  [ 4.78172264e+01  1.02857857e+02  6.62468672e-02]
  [ 1.36912781e+02  1.75556091e+02  3.08268070e-02]
  [ 4.73231239e+01  1.87066345e+02  5.62387705e-02]
  [ 1.53069717e+02  2.32049149e+02  1.16611242e-01]
  [ 6.17675629e+01  1.53565292e+02  8.78291130e-02]
  [ 1.04065521e+02  2.24081528e+02  6.82036877e-02]
  [ 7.24240723e+01  2.25905258e+02  4.76408005e-02]
  [-2.62277484e+00 -4.47264862e+00  5.55305481e-02]
  [-2.46370888e+00 -4.43753481e+00  5.66707850e-02]
  [-2.64285374e+00 -4.47091484e+00  5.65586090e-02]
  [-2.49243665e+00 -4.27617073e+00  5.57609797e-02]]] <class 'numpy.ndarray'>
3
tensor([[[[-0.1999,  0.4851,  0.4508,  ...,  0.6563,  0.5364,  0.5878],
          [-0.3541,  0.2796,  0.4166,  ...,  0.6049,  0.2967,  0.0056],
          [-0.0458,  0.3481,  0.3138,  ...,  0.5022, -0.1143, -0.1828],
          ...,
          [-0.0629, -0.0972, -0.1486,  ...,  0.0398,  0.0569,  0.0912],
          [-0.0116,  0.0398,  0.0741,  ...,  0.0056, -0.1486,  0.1083],
          [ 0.0056, -0.0801, -0.0287,  ...,  0.0741,  0.2624,  0.2624]],

         [[ 0.2577,  0.9930,  0.9580,  ...,  1.1155,  0.9930,  1.0980],
          [ 0.1527,  0.8179,  0.9405,  ...,  1.0630,  0.8179,  0.5378],
          [ 0.4503,  0.8704,  0.8354,  ...,  1.0280,  0.3978,  0.3627],
          ...,
          [ 0.0126, -0.0224, -0.0924,  ...,  0.0651,  0.1352,  0.1527],
          [-0.0574, -0.0224,  0.0301,  ...,  0.0826, -0.1275,  0.1176],
          [ 0.0476, -0.0224,  0.0651,  ...,  0.1527,  0.2927,  0.2577]],

         [[ 1.0191,  1.5768,  1.3154,  ...,  1.5942,  1.4548,  1.4722],
          [ 0.7925,  1.3502,  1.2108,  ...,  1.5420,  1.2108,  0.8971],
          [ 0.9668,  1.2631,  1.0539,  ...,  1.4548,  0.7925,  0.7054],
          ...,
          [ 0.1825,  0.1302,  0.0605,  ...,  0.1476,  0.2173,  0.1999],
          [ 0.1476,  0.1651,  0.2173,  ...,  0.1651, -0.0092,  0.1999],
          [ 0.2173,  0.1302,  0.1999,  ...,  0.1999,  0.3742,  0.3219]]]],
       device='cuda:0') torch.Size([1, 3, 256, 192])
[[[ 6.43182983e+01  6.09717445e+01  1.00331306e-01]
  [ 7.32405930e+01  5.18848495e+01  1.09217644e-01]
  [ 5.88817749e+01  5.75634384e+01  7.85953999e-02]
  [ 9.25162659e+01  5.33044891e+01  3.68165970e-03]
  [ 5.79873848e+01  6.45570526e+01  8.03287029e-02]
  [ 1.14002647e+02  1.03886658e+02  1.47650003e-01]
  [ 4.78172264e+01  1.02857857e+02  6.62469864e-02]
  [ 1.36912781e+02  1.75556107e+02  3.08268070e-02]
  [ 4.73231239e+01  1.87066315e+02  5.62386513e-02]
  [ 1.53069717e+02  2.32049149e+02  1.16611242e-01]
  [ 6.17675629e+01  1.53565277e+02  8.78291130e-02]
  [ 1.04065521e+02  2.24081528e+02  6.82036877e-02]
  [ 7.24240799e+01  2.25905258e+02  4.76408005e-02]
  [-2.62277651e+00 -4.47265148e+00  5.55305481e-02]
  [-2.46370983e+00 -4.43753529e+00  5.66707850e-02]
  [-2.64285183e+00 -4.47091150e+00  5.65586090e-02]
  [-2.49243951e+00 -4.27617550e+00  5.57610989e-02]]] <class 'numpy.ndarray'>
4
tensor([[[[-2.1179, -2.1179, -2.1179,  ..., -2.1179, -2.1179, -2.1179],
          [-2.1179, -2.1179, -2.1179,  ..., -2.1179, -2.1179, -2.1179],
          [-2.1179, -2.1179, -2.1179,  ..., -2.1179, -2.1179, -2.1179],
          ...,
          [-2.1179, -2.1179, -2.1179,  ..., -2.1179, -2.1179, -2.1179],
          [-2.1179, -2.1179, -2.1179,  ..., -2.1179, -2.1179, -2.1179],
          [-2.1179, -2.1179, -2.1179,  ..., -2.1179, -2.1179, -2.1179]],

         [[-2.0357, -2.0357, -2.0357,  ..., -2.0357, -2.0357, -2.0357],
          [-2.0357, -2.0357, -2.0357,  ..., -2.0357, -2.0357, -2.0357],
          [-2.0357, -2.0357, -2.0357,  ..., -2.0357, -2.0357, -2.0357],
          ...,
          [-2.0357, -2.0357, -2.0357,  ..., -2.0357, -2.0357, -2.0357],
          [-2.0357, -2.0357, -2.0357,  ..., -2.0357, -2.0357, -2.0357],
          [-2.0357, -2.0357, -2.0357,  ..., -2.0357, -2.0357, -2.0357]],

         [[-1.8044, -1.8044, -1.8044,  ..., -1.8044, -1.8044, -1.8044],
          [-1.8044, -1.8044, -1.8044,  ..., -1.8044, -1.8044, -1.8044],
          [-1.8044, -1.8044, -1.8044,  ..., -1.8044, -1.8044, -1.8044],
          ...,
          [-1.8044, -1.8044, -1.8044,  ..., -1.8044, -1.8044, -1.8044],
          [-1.8044, -1.8044, -1.8044,  ..., -1.8044, -1.8044, -1.8044],
          [-1.8044, -1.8044, -1.8044,  ..., -1.8044, -1.8044, -1.8044]]]],
       device='cuda:0') torch.Size([1, 3, 256, 192])
[[[ 6.4318298e+01  6.0971745e+01  1.0033107e-01]
  [ 7.3240601e+01  5.1884850e+01  1.0921788e-01]
  [ 5.8881775e+01  5.7563438e+01  7.8595400e-02]
  [ 9.2516266e+01  5.3304489e+01  3.6818981e-03]
  [ 5.7987385e+01  6.4557053e+01  8.0328703e-02]
  [ 1.1400266e+02  1.0388666e+02  1.4765000e-01]
  [ 4.7817226e+01  1.0285786e+02  6.6246986e-02]
  [ 1.3691280e+02  1.7555611e+02  3.0826926e-02]
  [ 4.7323124e+01  1.8706631e+02  5.6238770e-02]
  [ 1.5306972e+02  2.3204915e+02  1.1661124e-01]
  [ 6.1767563e+01  1.5356528e+02  8.7829113e-02]
  [ 1.0406552e+02  2.2408153e+02  6.8203688e-02]
  [ 7.2424072e+01  2.2590526e+02  4.7640681e-02]
  [-2.6227739e+00 -4.4726472e+00  5.5530429e-02]
  [-2.4637094e+00 -4.4375339e+00  5.6670785e-02]
  [-2.6428540e+00 -4.4709144e+00  5.6558609e-02]
  [-2.4924357e+00 -4.2761703e+00  5.5760980e-02]]] <class 'numpy.ndarray'>
5
tensor([[[[-2.1179, -2.1179, -2.1179,  ..., -2.1179, -2.1179, -2.1179],
          [-2.1179, -2.1179, -2.1179,  ..., -2.1179, -2.1179, -2.1179],
          [-2.1179, -2.1179, -2.1179,  ..., -2.1179, -2.1179, -2.1179],
          ...,
          [-2.1179, -2.1179, -2.1179,  ..., -2.1179, -2.1179, -2.1179],
          [-2.1179, -2.1179, -2.1179,  ..., -2.1179, -2.1179, -2.1179],
          [-2.1179, -2.1179, -2.1179,  ..., -2.1179, -2.1179, -2.1179]],

         [[-2.0357, -2.0357, -2.0357,  ..., -2.0357, -2.0357, -2.0357],
          [-2.0357, -2.0357, -2.0357,  ..., -2.0357, -2.0357, -2.0357],
          [-2.0357, -2.0357, -2.0357,  ..., -2.0357, -2.0357, -2.0357],
          ...,
          [-2.0357, -2.0357, -2.0357,  ..., -2.0357, -2.0357, -2.0357],
          [-2.0357, -2.0357, -2.0357,  ..., -2.0357, -2.0357, -2.0357],
          [-2.0357, -2.0357, -2.0357,  ..., -2.0357, -2.0357, -2.0357]],

         [[-1.8044, -1.8044, -1.8044,  ..., -1.8044, -1.8044, -1.8044],
          [-1.8044, -1.8044, -1.8044,  ..., -1.8044, -1.8044, -1.8044],
          [-1.8044, -1.8044, -1.8044,  ..., -1.8044, -1.8044, -1.8044],
          ...,
          [-1.8044, -1.8044, -1.8044,  ..., -1.8044, -1.8044, -1.8044],
          [-1.8044, -1.8044, -1.8044,  ..., -1.8044, -1.8044, -1.8044],
          [-1.8044, -1.8044, -1.8044,  ..., -1.8044, -1.8044, -1.8044]]]],
       device='cuda:0') torch.Size([1, 3, 256, 192])
[[[ 6.43182983e+01  6.09717445e+01  1.00331306e-01]
  [ 7.32405930e+01  5.18848495e+01  1.09217644e-01]
  [ 5.88817749e+01  5.75634384e+01  7.85953999e-02]
  [ 9.25162659e+01  5.33044930e+01  3.68165970e-03]
  [ 5.79873848e+01  6.45570602e+01  8.03287029e-02]
  [ 1.14002655e+02  1.03886650e+02  1.47650003e-01]
  [ 4.78172264e+01  1.02857857e+02  6.62468672e-02]
  [ 1.36912781e+02  1.75556091e+02  3.08269262e-02]
  [ 4.73231239e+01  1.87066315e+02  5.62386513e-02]
  [ 1.53069717e+02  2.32049149e+02  1.16611242e-01]
  [ 6.17675667e+01  1.53565292e+02  8.78291130e-02]
  [ 1.04065521e+02  2.24081528e+02  6.82036877e-02]
  [ 7.24240723e+01  2.25905258e+02  4.76408005e-02]
  [-2.62277555e+00 -4.47265053e+00  5.55305481e-02]
  [-2.46371031e+00 -4.43753672e+00  5.66709042e-02]
  [-2.64285254e+00 -4.47091198e+00  5.65586090e-02]
  [-2.49243593e+00 -4.27616882e+00  5.57609797e-02]]] <class 'numpy.ndarray'>
6
tensor([[[[-1.3302, -1.2959, -1.2617,  ...,  1.7009,  1.7694,  1.7865],
          [-1.3302, -1.3130, -1.2445,  ...,  1.6324,  1.6495,  1.6495],
          [-1.3473, -1.3130, -1.2445,  ...,  1.5982,  1.6153,  1.6324],
          ...,
          [-1.5870, -1.5870, -1.5699,  ...,  2.1975,  2.2318,  2.2489],
          [-1.6384, -1.6384, -1.6555,  ...,  2.1975,  2.2318,  2.2489],
          [-1.6042, -1.6042, -1.6213,  ...,  2.1804,  2.2318,  2.2489]],

         [[-1.5105, -1.4405, -1.3529,  ...,  1.7108,  1.7633,  1.7458],
          [-1.5105, -1.4405, -1.3529,  ...,  1.6232,  1.6232,  1.5882],
          [-1.5105, -1.4405, -1.3354,  ...,  1.5707,  1.5707,  1.5707],
          ...,
          [-1.6506, -1.6331, -1.6331,  ..., -2.0007, -2.0007, -2.0182],
          [-1.7731, -1.7731, -1.7731,  ..., -1.9832, -2.0007, -2.0182],
          [-1.7731, -1.7731, -1.7731,  ..., -2.0007, -2.0182, -2.0182]],

         [[-1.2467, -1.1596, -1.0550,  ...,  1.5594,  1.6291,  1.6465],
          [-1.2641, -1.1596, -1.0550,  ...,  1.4897,  1.4897,  1.4897],
          [-1.2641, -1.1596, -1.0376,  ...,  1.4374,  1.4374,  1.4548],
          ...,
          [-1.3513, -1.3339, -1.3339,  ..., -0.6541, -0.6193, -0.6193],
          [-1.5081, -1.5081, -1.5081,  ..., -0.6541, -0.6367, -0.6541],
          [-1.5256, -1.5256, -1.5430,  ..., -0.6715, -0.6541, -0.6715]]]],
       device='cuda:0') torch.Size([1, 3, 256, 192])
[[[ 6.43182983e+01  6.09717445e+01  1.00331306e-01]
  [ 7.32405930e+01  5.18848495e+01  1.09217644e-01]
  [ 5.88817749e+01  5.75634384e+01  7.85953999e-02]
  [ 9.25162659e+01  5.33044891e+01  3.68189812e-03]
  [ 5.79873848e+01  6.45570602e+01  8.03287029e-02]
  [ 1.14002663e+02  1.03886650e+02  1.47650003e-01]
  [ 4.78172264e+01  1.02857857e+02  6.62469864e-02]
  [ 1.36912781e+02  1.75556091e+02  3.08268070e-02]
  [ 4.73231239e+01  1.87066315e+02  5.62386513e-02]
  [ 1.53069717e+02  2.32049149e+02  1.16611242e-01]
  [ 6.17675629e+01  1.53565277e+02  8.78288746e-02]
  [ 1.04065536e+02  2.24081528e+02  6.82036877e-02]
  [ 7.24240723e+01  2.25905258e+02  4.76408005e-02]
  [-2.62277508e+00 -4.47265005e+00  5.55305481e-02]
  [-2.46370983e+00 -4.43753576e+00  5.66709042e-02]
  [-2.64285159e+00 -4.47091007e+00  5.65586090e-02]
  [-2.49243498e+00 -4.27616930e+00  5.57609797e-02]]] <class 'numpy.ndarray'>
7
tensor([[[[-2.1179, -2.1179, -2.1179,  ..., -2.1179, -2.1179, -2.1179],
          [-2.1179, -2.1179, -2.1179,  ..., -2.1179, -2.1179, -2.1179],
          [-2.1179, -2.1179, -2.1179,  ..., -2.1179, -2.1179, -2.1179],
          ...,
          [-2.1179, -2.1179, -2.1179,  ..., -2.1179, -2.1179, -2.1179],
          [-2.1179, -2.1179, -2.1179,  ..., -2.1179, -2.1179, -2.1179],
          [-2.1179, -2.1179, -2.1179,  ..., -2.1179, -2.1179, -2.1179]],

         [[-2.0357, -2.0357, -2.0357,  ..., -2.0357, -2.0357, -2.0357],
          [-2.0357, -2.0357, -2.0357,  ..., -2.0357, -2.0357, -2.0357],
          [-2.0357, -2.0357, -2.0357,  ..., -2.0357, -2.0357, -2.0357],
          ...,
          [-2.0357, -2.0357, -2.0357,  ..., -2.0357, -2.0357, -2.0357],
          [-2.0357, -2.0357, -2.0357,  ..., -2.0357, -2.0357, -2.0357],
          [-2.0357, -2.0357, -2.0357,  ..., -2.0357, -2.0357, -2.0357]],

         [[-1.8044, -1.8044, -1.8044,  ..., -1.8044, -1.8044, -1.8044],
          [-1.8044, -1.8044, -1.8044,  ..., -1.8044, -1.8044, -1.8044],
          [-1.8044, -1.8044, -1.8044,  ..., -1.8044, -1.8044, -1.8044],
          ...,
          [-1.8044, -1.8044, -1.8044,  ..., -1.8044, -1.8044, -1.8044],
          [-1.8044, -1.8044, -1.8044,  ..., -1.8044, -1.8044, -1.8044],
          [-1.8044, -1.8044, -1.8044,  ..., -1.8044, -1.8044, -1.8044]]]],
       device='cuda:0') torch.Size([1, 3, 256, 192])
[[[ 6.43182983e+01  6.09717445e+01  1.00331306e-01]
  [ 7.32405930e+01  5.18848495e+01  1.09217644e-01]
  [ 5.88817749e+01  5.75634384e+01  7.85953999e-02]
  [ 9.25162659e+01  5.33044930e+01  3.68165970e-03]
  [ 5.79873848e+01  6.45570602e+01  8.03287029e-02]
  [ 1.14002663e+02  1.03886658e+02  1.47650003e-01]
  [ 4.78172264e+01  1.02857857e+02  6.62469864e-02]
  [ 1.36912781e+02  1.75556091e+02  3.08268070e-02]
  [ 4.73231239e+01  1.87066315e+02  5.62387705e-02]
  [ 1.53069717e+02  2.32049149e+02  1.16611242e-01]
  [ 6.17675629e+01  1.53565277e+02  8.78288746e-02]
  [ 1.04065521e+02  2.24081528e+02  6.82036877e-02]
  [ 7.24240723e+01  2.25905258e+02  4.76406813e-02]
  [-2.62277508e+00 -4.47264957e+00  5.55305481e-02]
  [-2.46370983e+00 -4.43753481e+00  5.66709042e-02]
  [-2.64285374e+00 -4.47091436e+00  5.65587282e-02]
  [-2.49243593e+00 -4.27616978e+00  5.57609797e-02]]] <class 'numpy.ndarray'>
8
tensor([[[[-2.1179, -2.1179, -2.1179,  ..., -2.1179, -2.1179, -2.1179],
          [-2.1179, -2.1179, -2.1179,  ..., -2.1179, -2.1179, -2.1179],
          [-2.1179, -2.1179, -2.1179,  ..., -2.1179, -2.1179, -2.1179],
          ...,
          [-2.1179, -2.1179, -2.1179,  ..., -2.1179, -2.1179, -2.1179],
          [-2.1179, -2.1179, -2.1179,  ..., -2.1179, -2.1179, -2.1179],
          [-2.1179, -2.1179, -2.1179,  ..., -2.1179, -2.1179, -2.1179]],

         [[-2.0357, -2.0357, -2.0357,  ..., -2.0357, -2.0357, -2.0357],
          [-2.0357, -2.0357, -2.0357,  ..., -2.0357, -2.0357, -2.0357],
          [-2.0357, -2.0357, -2.0357,  ..., -2.0357, -2.0357, -2.0357],
          ...,
          [-2.0357, -2.0357, -2.0357,  ..., -2.0357, -2.0357, -2.0357],
          [-2.0357, -2.0357, -2.0357,  ..., -2.0357, -2.0357, -2.0357],
          [-2.0357, -2.0357, -2.0357,  ..., -2.0357, -2.0357, -2.0357]],

         [[-1.8044, -1.8044, -1.8044,  ..., -1.8044, -1.8044, -1.8044],
          [-1.8044, -1.8044, -1.8044,  ..., -1.8044, -1.8044, -1.8044],
          [-1.8044, -1.8044, -1.8044,  ..., -1.8044, -1.8044, -1.8044],
          ...,
          [-1.8044, -1.8044, -1.8044,  ..., -1.8044, -1.8044, -1.8044],
          [-1.8044, -1.8044, -1.8044,  ..., -1.8044, -1.8044, -1.8044],
          [-1.8044, -1.8044, -1.8044,  ..., -1.8044, -1.8044, -1.8044]]]],
       device='cuda:0') torch.Size([1, 3, 256, 192])
[[[ 6.43182983e+01  6.09717445e+01  1.00331068e-01]
  [ 7.32406006e+01  5.18848495e+01  1.09217644e-01]
  [ 5.88817749e+01  5.75634422e+01  7.85953999e-02]
  [ 9.25162659e+01  5.33044891e+01  3.68189812e-03]
  [ 5.79873848e+01  6.45570526e+01  8.03287029e-02]
  [ 1.14002663e+02  1.03886658e+02  1.47650003e-01]
  [ 4.78172264e+01  1.02857857e+02  6.62469864e-02]
  [ 1.36912781e+02  1.75556107e+02  3.08268070e-02]
  [ 4.73231239e+01  1.87066315e+02  5.62387705e-02]
  [ 1.53069717e+02  2.32049149e+02  1.16611242e-01]
  [ 6.17675629e+01  1.53565277e+02  8.78291130e-02]
  [ 1.04065521e+02  2.24081528e+02  6.82036877e-02]
  [ 7.24240723e+01  2.25905258e+02  4.76408005e-02]
  [-2.62277579e+00 -4.47265005e+00  5.55305481e-02]
  [-2.46370935e+00 -4.43753433e+00  5.66709042e-02]
  [-2.64285421e+00 -4.47091436e+00  5.65586090e-02]
  [-2.49243569e+00 -4.27616978e+00  5.57609797e-02]]] <class 'numpy.ndarray'>
9
tensor([[[[-2.1179, -2.1179, -2.1179,  ..., -2.1179, -2.1179, -2.1179],
          [-2.1179, -2.1179, -2.1179,  ..., -2.1179, -2.1179, -2.1179],
          [-2.1179, -2.1179, -2.1179,  ..., -2.1179, -2.1179, -2.1179],
          ...,
          [-2.1179, -2.1179, -2.1179,  ..., -2.1179, -2.1179, -2.1179],
          [-2.1179, -2.1179, -2.1179,  ..., -2.1179, -2.1179, -2.1179],
          [-2.1179, -2.1179, -2.1179,  ..., -2.1179, -2.1179, -2.1179]],

         [[-2.0357, -2.0357, -2.0357,  ..., -2.0357, -2.0357, -2.0357],
          [-2.0357, -2.0357, -2.0357,  ..., -2.0357, -2.0357, -2.0357],
          [-2.0357, -2.0357, -2.0357,  ..., -2.0357, -2.0357, -2.0357],
          ...,
          [-2.0357, -2.0357, -2.0357,  ..., -2.0357, -2.0357, -2.0357],
          [-2.0357, -2.0357, -2.0357,  ..., -2.0357, -2.0357, -2.0357],
          [-2.0357, -2.0357, -2.0357,  ..., -2.0357, -2.0357, -2.0357]],

         [[-1.8044, -1.8044, -1.8044,  ..., -1.8044, -1.8044, -1.8044],
          [-1.8044, -1.8044, -1.8044,  ..., -1.8044, -1.8044, -1.8044],
          [-1.8044, -1.8044, -1.8044,  ..., -1.8044, -1.8044, -1.8044],
          ...,
          [-1.8044, -1.8044, -1.8044,  ..., -1.8044, -1.8044, -1.8044],
          [-1.8044, -1.8044, -1.8044,  ..., -1.8044, -1.8044, -1.8044],
          [-1.8044, -1.8044, -1.8044,  ..., -1.8044, -1.8044, -1.8044]]]],
       device='cuda:0') torch.Size([1, 3, 256, 192])
[[[ 6.43182983e+01  6.09717445e+01  1.00331306e-01]
  [ 7.32406006e+01  5.18848495e+01  1.09217644e-01]
  [ 5.88817749e+01  5.75634384e+01  7.85953999e-02]
  [ 9.25162659e+01  5.33044891e+01  3.68189812e-03]
  [ 5.79873848e+01  6.45570602e+01  8.03287029e-02]
  [ 1.14002663e+02  1.03886658e+02  1.47650003e-01]
  [ 4.78172264e+01  1.02857857e+02  6.62469864e-02]
  [ 1.36912781e+02  1.75556091e+02  3.08268070e-02]
  [ 4.73231239e+01  1.87066315e+02  5.62387705e-02]
  [ 1.53069733e+02  2.32049149e+02  1.16611242e-01]
  [ 6.17675743e+01  1.53565277e+02  8.78291130e-02]
  [ 1.04065521e+02  2.24081528e+02  6.82036877e-02]
  [ 7.24240723e+01  2.25905258e+02  4.76408005e-02]
  [-2.62277722e+00 -4.47265196e+00  5.55305481e-02]
  [-2.46371555e+00 -4.43754482e+00  5.66711426e-02]
  [-2.64285183e+00 -4.47091055e+00  5.65586090e-02]
  [-2.49243641e+00 -4.27617073e+00  5.57609797e-02]]] <class 'numpy.ndarray'>
Predictions were made.
Data was successfully structured and saved.
