Loading the input data and checkpoints.
Constructed model successfully.
0
tensor([[[[ 0.9474,  0.9646,  0.9303,  ..., -2.1179, -2.1179, -2.1179],
          [ 0.8447,  1.0331,  1.0673,  ..., -2.1179, -2.1179, -2.1179],
          [ 0.9132,  1.0159,  1.0502,  ..., -2.1179, -2.1179, -2.1179],
          ...,
          [-2.1179, -2.1179, -2.1179,  ..., -2.1179, -2.1179, -2.1179],
          [-2.1179, -2.1179, -2.1179,  ..., -2.1179, -2.1179, -2.1179],
          [-2.1179, -2.1179, -2.1179,  ..., -2.1179, -2.1179, -2.1179]],

         [[-0.1099, -0.0924, -0.0924,  ..., -2.0357, -2.0357, -2.0357],
          [-0.2150, -0.0224,  0.1352,  ..., -2.0357, -2.0357, -2.0357],
          [-0.0924,  0.0126,  0.0476,  ..., -2.0357, -2.0357, -2.0357],
          ...,
          [-2.0357, -2.0357, -2.0357,  ..., -2.0357, -2.0357, -2.0357],
          [-2.0357, -2.0357, -2.0357,  ..., -2.0357, -2.0357, -2.0357],
          [-2.0357, -2.0357, -2.0357,  ..., -2.0357, -2.0357, -2.0357]],

         [[ 1.1062,  1.0888,  1.0714,  ..., -1.8044, -1.8044, -1.8044],
          [ 0.9668,  1.1585,  1.2805,  ..., -1.8044, -1.8044, -1.8044],
          [ 1.0888,  1.2282,  1.2631,  ..., -1.8044, -1.8044, -1.8044],
          ...,
          [-1.8044, -1.8044, -1.8044,  ..., -1.8044, -1.8044, -1.8044],
          [-1.8044, -1.8044, -1.8044,  ..., -1.8044, -1.8044, -1.8044],
          [-1.8044, -1.8044, -1.8044,  ..., -1.8044, -1.8044, -1.8044]]]],
       device='cuda:0') torch.Size([1, 3, 256, 192])
[[[ 6.89412079e+01  7.03177185e+01  5.40738106e-02]
  [ 7.85853958e+01  6.83932953e+01  7.41647482e-02]
  [ 6.23460350e+01  6.95747757e+01  5.06880283e-02]
  [ 9.42814178e+01  6.96650772e+01  5.78643084e-02]
  [ 6.03106461e+01  6.98523026e+01  6.04250431e-02]
  [ 1.15111137e+02  1.07817604e+02  8.40358734e-02]
  [ 4.51967239e+01  1.12413544e+02  7.25624561e-02]
  [ 1.33481995e+02  1.72907471e+02  3.54568958e-02]
  [ 4.19680099e+01  1.75901840e+02  7.14728832e-02]
  [ 1.56106445e+02  1.59276764e+02  1.65419579e-02]
  [ 4.19315338e+01  1.75931229e+02  7.04376698e-02]
  [ 4.03831899e-01  1.05907285e+00  1.23305559e-01]
  [ 1.10827118e-01  2.82288820e-01  1.06813669e-01]
  [-1.77919543e+00 -2.72733164e+00  6.76484108e-02]
  [-1.85723186e+00 -2.75794697e+00  6.36268854e-02]
  [-1.71484756e+00 -2.62484312e+00  6.90128803e-02]
  [-1.77793777e+00 -2.58806634e+00  6.36279583e-02]]] <class 'numpy.ndarray'>
1
tensor([[[[-2.1179, -2.1179, -2.1179,  ..., -2.1179, -2.1179, -2.1179],
          [-2.1179, -2.1179, -2.1179,  ..., -2.1179, -2.1179, -2.1179],
          [-2.1179, -2.1179, -2.1179,  ..., -2.1179, -2.1179, -2.1179],
          ...,
          [-2.1179, -2.1179, -2.1179,  ..., -2.1179, -2.1179, -2.1179],
          [-2.1179, -2.1179, -2.1179,  ..., -2.1179, -2.1179, -2.1179],
          [-2.1179, -2.1179, -2.1179,  ..., -2.1179, -2.1179, -2.1179]],

         [[-2.0357, -2.0357, -2.0357,  ..., -2.0357, -2.0357, -2.0357],
          [-2.0357, -2.0357, -2.0357,  ..., -2.0357, -2.0357, -2.0357],
          [-2.0357, -2.0357, -2.0357,  ..., -2.0357, -2.0357, -2.0357],
          ...,
          [-2.0357, -2.0357, -2.0357,  ..., -2.0357, -2.0357, -2.0357],
          [-2.0357, -2.0357, -2.0357,  ..., -2.0357, -2.0357, -2.0357],
          [-2.0357, -2.0357, -2.0357,  ..., -2.0357, -2.0357, -2.0357]],

         [[-1.8044, -1.8044, -1.8044,  ..., -1.8044, -1.8044, -1.8044],
          [-1.8044, -1.8044, -1.8044,  ..., -1.8044, -1.8044, -1.8044],
          [-1.8044, -1.8044, -1.8044,  ..., -1.8044, -1.8044, -1.8044],
          ...,
          [-1.8044, -1.8044, -1.8044,  ..., -1.8044, -1.8044, -1.8044],
          [-1.8044, -1.8044, -1.8044,  ..., -1.8044, -1.8044, -1.8044],
          [-1.8044, -1.8044, -1.8044,  ..., -1.8044, -1.8044, -1.8044]]]],
       device='cuda:0') torch.Size([1, 3, 256, 192])
[[[ 6.8941208e+01  7.0317719e+01  5.4073811e-02]
  [ 7.8585396e+01  6.8393295e+01  7.4164748e-02]
  [ 6.2346027e+01  6.9574776e+01  5.0688028e-02]
  [ 9.4281410e+01  6.9665077e+01  5.7864308e-02]
  [ 6.0310646e+01  6.9852310e+01  6.0425043e-02]
  [ 1.1511114e+02  1.0781761e+02  8.4035873e-02]
  [ 4.5196724e+01  1.1241354e+02  7.2562456e-02]
  [ 1.3348199e+02  1.7290747e+02  3.5456896e-02]
  [ 4.1968010e+01  1.7590184e+02  7.1473002e-02]
  [ 1.5610645e+02  1.5927675e+02  1.6541958e-02]
  [ 4.1931534e+01  1.7593123e+02  7.0437431e-02]
  [ 4.0383261e-01  1.0590736e+00  1.2330580e-01]
  [ 1.1082664e-01  2.8228739e-01  1.0681367e-01]
  [-1.7791904e+00 -2.7273245e+00  6.7648292e-02]
  [-1.8572316e+00 -2.7579463e+00  6.3627005e-02]
  [-1.7148468e+00 -2.6248426e+00  6.9012880e-02]
  [-1.7779390e+00 -2.5880668e+00  6.3627958e-02]]] <class 'numpy.ndarray'>
2
tensor([[[[-2.1179, -2.1179, -2.1179,  ..., -2.1179, -2.1179, -2.1179],
          [-2.1179, -2.1179, -2.1179,  ..., -2.1179, -2.1179, -2.1179],
          [-2.1179, -2.1179, -2.1179,  ..., -2.1179, -2.1179, -2.1179],
          ...,
          [-2.1179, -2.1179, -2.1179,  ..., -2.1179, -2.1179, -2.1179],
          [-2.1179, -2.1179, -2.1179,  ..., -2.1179, -2.1179, -2.1179],
          [-2.1179, -2.1179, -2.1179,  ..., -2.1179, -2.1179, -2.1179]],

         [[-2.0357, -2.0357, -2.0357,  ..., -2.0357, -2.0357, -2.0357],
          [-2.0357, -2.0357, -2.0357,  ..., -2.0357, -2.0357, -2.0357],
          [-2.0357, -2.0357, -2.0357,  ..., -2.0357, -2.0357, -2.0357],
          ...,
          [-2.0357, -2.0357, -2.0357,  ..., -2.0357, -2.0357, -2.0357],
          [-2.0357, -2.0357, -2.0357,  ..., -2.0357, -2.0357, -2.0357],
          [-2.0357, -2.0357, -2.0357,  ..., -2.0357, -2.0357, -2.0357]],

         [[-1.8044, -1.8044, -1.8044,  ..., -1.8044, -1.8044, -1.8044],
          [-1.8044, -1.8044, -1.8044,  ..., -1.8044, -1.8044, -1.8044],
          [-1.8044, -1.8044, -1.8044,  ..., -1.8044, -1.8044, -1.8044],
          ...,
          [-1.8044, -1.8044, -1.8044,  ..., -1.8044, -1.8044, -1.8044],
          [-1.8044, -1.8044, -1.8044,  ..., -1.8044, -1.8044, -1.8044],
          [-1.8044, -1.8044, -1.8044,  ..., -1.8044, -1.8044, -1.8044]]]],
       device='cuda:0') torch.Size([1, 3, 256, 192])
[[[ 6.89412079e+01  7.03177032e+01  5.40736914e-02]
  [ 7.85853958e+01  6.83932953e+01  7.41647482e-02]
  [ 6.23460350e+01  6.95747757e+01  5.06880283e-02]
  [ 9.42814178e+01  6.96650772e+01  5.78643084e-02]
  [ 6.03106461e+01  6.98523102e+01  6.04250431e-02]
  [ 1.15111137e+02  1.07817604e+02  8.40358734e-02]
  [ 4.51967278e+01  1.12413544e+02  7.25624561e-02]
  [ 1.33481995e+02  1.72907486e+02  3.54568958e-02]
  [ 4.19680061e+01  1.75901855e+02  7.14728832e-02]
  [ 1.56106445e+02  1.59276764e+02  1.65419579e-02]
  [ 4.19315338e+01  1.75931229e+02  7.04374313e-02]
  [ 4.03833807e-01  1.05907500e+00  1.23305559e-01]
  [ 1.10827118e-01  2.82287627e-01  1.06813669e-01]
  [-1.77919543e+00 -2.72733045e+00  6.76484108e-02]
  [-1.85723233e+00 -2.75794697e+00  6.36267662e-02]
  [-1.71484828e+00 -2.62484407e+00  6.90127611e-02]
  [-1.77793825e+00 -2.58806658e+00  6.36279583e-02]]] <class 'numpy.ndarray'>
3
tensor([[[[-0.1999,  0.4851,  0.4508,  ...,  0.6563,  0.5364,  0.5878],
          [-0.3541,  0.2796,  0.4166,  ...,  0.6049,  0.2967,  0.0056],
          [-0.0458,  0.3481,  0.3138,  ...,  0.5022, -0.1143, -0.1828],
          ...,
          [-0.0629, -0.0972, -0.1486,  ...,  0.0398,  0.0569,  0.0912],
          [-0.0116,  0.0398,  0.0741,  ...,  0.0056, -0.1486,  0.1083],
          [ 0.0056, -0.0801, -0.0287,  ...,  0.0741,  0.2624,  0.2624]],

         [[ 0.2577,  0.9930,  0.9580,  ...,  1.1155,  0.9930,  1.0980],
          [ 0.1527,  0.8179,  0.9405,  ...,  1.0630,  0.8179,  0.5378],
          [ 0.4503,  0.8704,  0.8354,  ...,  1.0280,  0.3978,  0.3627],
          ...,
          [ 0.0126, -0.0224, -0.0924,  ...,  0.0651,  0.1352,  0.1527],
          [-0.0574, -0.0224,  0.0301,  ...,  0.0826, -0.1275,  0.1176],
          [ 0.0476, -0.0224,  0.0651,  ...,  0.1527,  0.2927,  0.2577]],

         [[ 1.0191,  1.5768,  1.3154,  ...,  1.5942,  1.4548,  1.4722],
          [ 0.7925,  1.3502,  1.2108,  ...,  1.5420,  1.2108,  0.8971],
          [ 0.9668,  1.2631,  1.0539,  ...,  1.4548,  0.7925,  0.7054],
          ...,
          [ 0.1825,  0.1302,  0.0605,  ...,  0.1476,  0.2173,  0.1999],
          [ 0.1476,  0.1651,  0.2173,  ...,  0.1651, -0.0092,  0.1999],
          [ 0.2173,  0.1302,  0.1999,  ...,  0.1999,  0.3742,  0.3219]]]],
       device='cuda:0') torch.Size([1, 3, 256, 192])
[[[ 6.89412079e+01  7.03177185e+01  5.40738106e-02]
  [ 7.85853958e+01  6.83932953e+01  7.41648674e-02]
  [ 6.23460350e+01  6.95747757e+01  5.06880283e-02]
  [ 9.42814178e+01  6.96650772e+01  5.78644276e-02]
  [ 6.03106461e+01  6.98523102e+01  6.04250431e-02]
  [ 1.15111137e+02  1.07817604e+02  8.40358734e-02]
  [ 4.51967278e+01  1.12413536e+02  7.25626945e-02]
  [ 1.33481995e+02  1.72907471e+02  3.54568958e-02]
  [ 4.19680099e+01  1.75901840e+02  7.14730024e-02]
  [ 1.56106445e+02  1.59276749e+02  1.65419579e-02]
  [ 4.19315300e+01  1.75931229e+02  7.04374313e-02]
  [ 4.03833568e-01  1.05907452e+00  1.23305559e-01]
  [ 1.10826880e-01  2.82288581e-01  1.06813669e-01]
  [-1.77919114e+00 -2.72732472e+00  6.76482916e-02]
  [-1.85723329e+00 -2.75794673e+00  6.36268854e-02]
  [-1.71484709e+00 -2.62484169e+00  6.90128803e-02]
  [-1.77793872e+00 -2.58806705e+00  6.36279583e-02]]] <class 'numpy.ndarray'>
4
tensor([[[[-2.1179, -2.1179, -2.1179,  ..., -2.1179, -2.1179, -2.1179],
          [-2.1179, -2.1179, -2.1179,  ..., -2.1179, -2.1179, -2.1179],
          [-2.1179, -2.1179, -2.1179,  ..., -2.1179, -2.1179, -2.1179],
          ...,
          [-2.1179, -2.1179, -2.1179,  ..., -2.1179, -2.1179, -2.1179],
          [-2.1179, -2.1179, -2.1179,  ..., -2.1179, -2.1179, -2.1179],
          [-2.1179, -2.1179, -2.1179,  ..., -2.1179, -2.1179, -2.1179]],

         [[-2.0357, -2.0357, -2.0357,  ..., -2.0357, -2.0357, -2.0357],
          [-2.0357, -2.0357, -2.0357,  ..., -2.0357, -2.0357, -2.0357],
          [-2.0357, -2.0357, -2.0357,  ..., -2.0357, -2.0357, -2.0357],
          ...,
          [-2.0357, -2.0357, -2.0357,  ..., -2.0357, -2.0357, -2.0357],
          [-2.0357, -2.0357, -2.0357,  ..., -2.0357, -2.0357, -2.0357],
          [-2.0357, -2.0357, -2.0357,  ..., -2.0357, -2.0357, -2.0357]],

         [[-1.8044, -1.8044, -1.8044,  ..., -1.8044, -1.8044, -1.8044],
          [-1.8044, -1.8044, -1.8044,  ..., -1.8044, -1.8044, -1.8044],
          [-1.8044, -1.8044, -1.8044,  ..., -1.8044, -1.8044, -1.8044],
          ...,
          [-1.8044, -1.8044, -1.8044,  ..., -1.8044, -1.8044, -1.8044],
          [-1.8044, -1.8044, -1.8044,  ..., -1.8044, -1.8044, -1.8044],
          [-1.8044, -1.8044, -1.8044,  ..., -1.8044, -1.8044, -1.8044]]]],
       device='cuda:0') torch.Size([1, 3, 256, 192])
[[[ 6.89412079e+01  7.03177185e+01  5.40736914e-02]
  [ 7.85853958e+01  6.83932953e+01  7.41647482e-02]
  [ 6.23460350e+01  6.95747757e+01  5.06880283e-02]
  [ 9.42814178e+01  6.96650772e+01  5.78643084e-02]
  [ 6.03106461e+01  6.98523026e+01  6.04250431e-02]
  [ 1.15111137e+02  1.07817604e+02  8.40358734e-02]
  [ 4.51967239e+01  1.12413544e+02  7.25626945e-02]
  [ 1.33481995e+02  1.72907471e+02  3.54566574e-02]
  [ 4.19680061e+01  1.75901855e+02  7.14728832e-02]
  [ 1.56106445e+02  1.59276764e+02  1.65419579e-02]
  [ 4.19315338e+01  1.75931229e+02  7.04374313e-02]
  [ 4.03833568e-01  1.05907500e+00  1.23305559e-01]
  [ 1.10826880e-01  2.82288581e-01  1.06813669e-01]
  [-1.77919328e+00 -2.72732902e+00  6.76484108e-02]
  [-1.85723257e+00 -2.75794673e+00  6.36267662e-02]
  [-1.71484661e+00 -2.62484193e+00  6.90128803e-02]
  [-1.77793729e+00 -2.58806634e+00  6.36279583e-02]]] <class 'numpy.ndarray'>
5
tensor([[[[-2.1179, -2.1179, -2.1179,  ..., -2.1179, -2.1179, -2.1179],
          [-2.1179, -2.1179, -2.1179,  ..., -2.1179, -2.1179, -2.1179],
          [-2.1179, -2.1179, -2.1179,  ..., -2.1179, -2.1179, -2.1179],
          ...,
          [-2.1179, -2.1179, -2.1179,  ..., -2.1179, -2.1179, -2.1179],
          [-2.1179, -2.1179, -2.1179,  ..., -2.1179, -2.1179, -2.1179],
          [-2.1179, -2.1179, -2.1179,  ..., -2.1179, -2.1179, -2.1179]],

         [[-2.0357, -2.0357, -2.0357,  ..., -2.0357, -2.0357, -2.0357],
          [-2.0357, -2.0357, -2.0357,  ..., -2.0357, -2.0357, -2.0357],
          [-2.0357, -2.0357, -2.0357,  ..., -2.0357, -2.0357, -2.0357],
          ...,
          [-2.0357, -2.0357, -2.0357,  ..., -2.0357, -2.0357, -2.0357],
          [-2.0357, -2.0357, -2.0357,  ..., -2.0357, -2.0357, -2.0357],
          [-2.0357, -2.0357, -2.0357,  ..., -2.0357, -2.0357, -2.0357]],

         [[-1.8044, -1.8044, -1.8044,  ..., -1.8044, -1.8044, -1.8044],
          [-1.8044, -1.8044, -1.8044,  ..., -1.8044, -1.8044, -1.8044],
          [-1.8044, -1.8044, -1.8044,  ..., -1.8044, -1.8044, -1.8044],
          ...,
          [-1.8044, -1.8044, -1.8044,  ..., -1.8044, -1.8044, -1.8044],
          [-1.8044, -1.8044, -1.8044,  ..., -1.8044, -1.8044, -1.8044],
          [-1.8044, -1.8044, -1.8044,  ..., -1.8044, -1.8044, -1.8044]]]],
       device='cuda:0') torch.Size([1, 3, 256, 192])
[[[ 6.89412079e+01  7.03177185e+01  5.40738106e-02]
  [ 7.85853958e+01  6.83932953e+01  7.41648674e-02]
  [ 6.23460350e+01  6.95747757e+01  5.06880283e-02]
  [ 9.42814178e+01  6.96650772e+01  5.78644276e-02]
  [ 6.03106461e+01  6.98523102e+01  6.04250431e-02]
  [ 1.15111137e+02  1.07817604e+02  8.40358734e-02]
  [ 4.51967239e+01  1.12413536e+02  7.25624561e-02]
  [ 1.33481995e+02  1.72907486e+02  3.54568958e-02]
  [ 4.19680099e+01  1.75901855e+02  7.14728832e-02]
  [ 1.56106445e+02  1.59276764e+02  1.65419579e-02]
  [ 4.19315338e+01  1.75931213e+02  7.04374313e-02]
  [ 4.03833807e-01  1.05907428e+00  1.23305559e-01]
  [ 1.10827118e-01  2.82288343e-01  1.06813669e-01]
  [-1.77919185e+00 -2.72732615e+00  6.76482916e-02]
  [-1.85723305e+00 -2.75794744e+00  6.36267662e-02]
  [-1.71484780e+00 -2.62484360e+00  6.90128803e-02]
  [-1.77793777e+00 -2.58806562e+00  6.36279583e-02]]] <class 'numpy.ndarray'>
6
tensor([[[[-1.3302, -1.2959, -1.2617,  ...,  1.7009,  1.7694,  1.7865],
          [-1.3302, -1.3130, -1.2445,  ...,  1.6324,  1.6495,  1.6495],
          [-1.3473, -1.3130, -1.2445,  ...,  1.5982,  1.6153,  1.6324],
          ...,
          [-1.5870, -1.5870, -1.5699,  ...,  2.1975,  2.2318,  2.2489],
          [-1.6384, -1.6384, -1.6555,  ...,  2.1975,  2.2318,  2.2489],
          [-1.6042, -1.6042, -1.6213,  ...,  2.1804,  2.2318,  2.2489]],

         [[-1.5105, -1.4405, -1.3529,  ...,  1.7108,  1.7633,  1.7458],
          [-1.5105, -1.4405, -1.3529,  ...,  1.6232,  1.6232,  1.5882],
          [-1.5105, -1.4405, -1.3354,  ...,  1.5707,  1.5707,  1.5707],
          ...,
          [-1.6506, -1.6331, -1.6331,  ..., -2.0007, -2.0007, -2.0182],
          [-1.7731, -1.7731, -1.7731,  ..., -1.9832, -2.0007, -2.0182],
          [-1.7731, -1.7731, -1.7731,  ..., -2.0007, -2.0182, -2.0182]],

         [[-1.2467, -1.1596, -1.0550,  ...,  1.5594,  1.6291,  1.6465],
          [-1.2641, -1.1596, -1.0550,  ...,  1.4897,  1.4897,  1.4897],
          [-1.2641, -1.1596, -1.0376,  ...,  1.4374,  1.4374,  1.4548],
          ...,
          [-1.3513, -1.3339, -1.3339,  ..., -0.6541, -0.6193, -0.6193],
          [-1.5081, -1.5081, -1.5081,  ..., -0.6541, -0.6367, -0.6541],
          [-1.5256, -1.5256, -1.5430,  ..., -0.6715, -0.6541, -0.6715]]]],
       device='cuda:0') torch.Size([1, 3, 256, 192])
[[[ 6.89412079e+01  7.03177185e+01  5.40736914e-02]
  [ 7.85853958e+01  6.83932953e+01  7.41648674e-02]
  [ 6.23460350e+01  6.95747757e+01  5.06880283e-02]
  [ 9.42814178e+01  6.96650772e+01  5.78644276e-02]
  [ 6.03106461e+01  6.98523102e+01  6.04250431e-02]
  [ 1.15111137e+02  1.07817604e+02  8.40358734e-02]
  [ 4.51967278e+01  1.12413544e+02  7.25626945e-02]
  [ 1.33481995e+02  1.72907471e+02  3.54568958e-02]
  [ 4.19680099e+01  1.75901855e+02  7.14730024e-02]
  [ 1.56106445e+02  1.59276749e+02  1.65419579e-02]
  [ 4.19314957e+01  1.75931244e+02  7.04368353e-02]
  [ 4.03834760e-01  1.05907571e+00  1.23305559e-01]
  [ 1.10827118e-01  2.82288104e-01  1.06813669e-01]
  [-1.77919257e+00 -2.72732782e+00  6.76484108e-02]
  [-1.85723186e+00 -2.75794601e+00  6.36267662e-02]
  [-1.71484804e+00 -2.62484264e+00  6.90127611e-02]
  [-1.77793801e+00 -2.58806539e+00  6.36279583e-02]]] <class 'numpy.ndarray'>
7
tensor([[[[-2.1179, -2.1179, -2.1179,  ..., -2.1179, -2.1179, -2.1179],
          [-2.1179, -2.1179, -2.1179,  ..., -2.1179, -2.1179, -2.1179],
          [-2.1179, -2.1179, -2.1179,  ..., -2.1179, -2.1179, -2.1179],
          ...,
          [-2.1179, -2.1179, -2.1179,  ..., -2.1179, -2.1179, -2.1179],
          [-2.1179, -2.1179, -2.1179,  ..., -2.1179, -2.1179, -2.1179],
          [-2.1179, -2.1179, -2.1179,  ..., -2.1179, -2.1179, -2.1179]],

         [[-2.0357, -2.0357, -2.0357,  ..., -2.0357, -2.0357, -2.0357],
          [-2.0357, -2.0357, -2.0357,  ..., -2.0357, -2.0357, -2.0357],
          [-2.0357, -2.0357, -2.0357,  ..., -2.0357, -2.0357, -2.0357],
          ...,
          [-2.0357, -2.0357, -2.0357,  ..., -2.0357, -2.0357, -2.0357],
          [-2.0357, -2.0357, -2.0357,  ..., -2.0357, -2.0357, -2.0357],
          [-2.0357, -2.0357, -2.0357,  ..., -2.0357, -2.0357, -2.0357]],

         [[-1.8044, -1.8044, -1.8044,  ..., -1.8044, -1.8044, -1.8044],
          [-1.8044, -1.8044, -1.8044,  ..., -1.8044, -1.8044, -1.8044],
          [-1.8044, -1.8044, -1.8044,  ..., -1.8044, -1.8044, -1.8044],
          ...,
          [-1.8044, -1.8044, -1.8044,  ..., -1.8044, -1.8044, -1.8044],
          [-1.8044, -1.8044, -1.8044,  ..., -1.8044, -1.8044, -1.8044],
          [-1.8044, -1.8044, -1.8044,  ..., -1.8044, -1.8044, -1.8044]]]],
       device='cuda:0') torch.Size([1, 3, 256, 192])
[[[ 6.89412079e+01  7.03177185e+01  5.40738106e-02]
  [ 7.85853958e+01  6.83932953e+01  7.41648674e-02]
  [ 6.23460350e+01  6.95747757e+01  5.06880283e-02]
  [ 9.42814178e+01  6.96650772e+01  5.78644276e-02]
  [ 6.03106461e+01  6.98523026e+01  6.04250431e-02]
  [ 1.15111145e+02  1.07817604e+02  8.40359926e-02]
  [ 4.51967239e+01  1.12413544e+02  7.25623369e-02]
  [ 1.33481995e+02  1.72907471e+02  3.54568958e-02]
  [ 4.19680099e+01  1.75901840e+02  7.14728832e-02]
  [ 1.56106445e+02  1.59276749e+02  1.65419579e-02]
  [ 4.19315338e+01  1.75931213e+02  7.04371929e-02]
  [ 4.03834045e-01  1.05907500e+00  1.23305559e-01]
  [ 1.10826522e-01  2.82288104e-01  1.06813669e-01]
  [-1.77919543e+00 -2.72733259e+00  6.76484108e-02]
  [-1.85723257e+00 -2.75794673e+00  6.36268854e-02]
  [-1.71484566e+00 -2.62484145e+00  6.90126419e-02]
  [-1.77793872e+00 -2.58806682e+00  6.36279583e-02]]] <class 'numpy.ndarray'>
8
tensor([[[[-2.1179, -2.1179, -2.1179,  ..., -2.1179, -2.1179, -2.1179],
          [-2.1179, -2.1179, -2.1179,  ..., -2.1179, -2.1179, -2.1179],
          [-2.1179, -2.1179, -2.1179,  ..., -2.1179, -2.1179, -2.1179],
          ...,
          [-2.1179, -2.1179, -2.1179,  ..., -2.1179, -2.1179, -2.1179],
          [-2.1179, -2.1179, -2.1179,  ..., -2.1179, -2.1179, -2.1179],
          [-2.1179, -2.1179, -2.1179,  ..., -2.1179, -2.1179, -2.1179]],

         [[-2.0357, -2.0357, -2.0357,  ..., -2.0357, -2.0357, -2.0357],
          [-2.0357, -2.0357, -2.0357,  ..., -2.0357, -2.0357, -2.0357],
          [-2.0357, -2.0357, -2.0357,  ..., -2.0357, -2.0357, -2.0357],
          ...,
          [-2.0357, -2.0357, -2.0357,  ..., -2.0357, -2.0357, -2.0357],
          [-2.0357, -2.0357, -2.0357,  ..., -2.0357, -2.0357, -2.0357],
          [-2.0357, -2.0357, -2.0357,  ..., -2.0357, -2.0357, -2.0357]],

         [[-1.8044, -1.8044, -1.8044,  ..., -1.8044, -1.8044, -1.8044],
          [-1.8044, -1.8044, -1.8044,  ..., -1.8044, -1.8044, -1.8044],
          [-1.8044, -1.8044, -1.8044,  ..., -1.8044, -1.8044, -1.8044],
          ...,
          [-1.8044, -1.8044, -1.8044,  ..., -1.8044, -1.8044, -1.8044],
          [-1.8044, -1.8044, -1.8044,  ..., -1.8044, -1.8044, -1.8044],
          [-1.8044, -1.8044, -1.8044,  ..., -1.8044, -1.8044, -1.8044]]]],
       device='cuda:0') torch.Size([1, 3, 256, 192])
[[[ 6.89412079e+01  7.03177185e+01  5.40738106e-02]
  [ 7.85853958e+01  6.83932953e+01  7.41648674e-02]
  [ 6.23460350e+01  6.95747757e+01  5.06880283e-02]
  [ 9.42814178e+01  6.96650772e+01  5.78643084e-02]
  [ 6.03106461e+01  6.98523102e+01  6.04250431e-02]
  [ 1.15111137e+02  1.07817604e+02  8.40358734e-02]
  [ 4.51967278e+01  1.12413544e+02  7.25624561e-02]
  [ 1.33481995e+02  1.72907471e+02  3.54566574e-02]
  [ 4.19680099e+01  1.75901855e+02  7.14728832e-02]
  [ 1.56106445e+02  1.59276749e+02  1.65419579e-02]
  [ 4.19315338e+01  1.75931213e+02  7.04374313e-02]
  [ 4.03832257e-01  1.05907309e+00  1.23305559e-01]
  [ 1.10828549e-01  2.82290488e-01  1.06813431e-01]
  [-1.77919114e+00 -2.72732496e+00  6.76482916e-02]
  [-1.85723305e+00 -2.75794673e+00  6.36267662e-02]
  [-1.71484756e+00 -2.62484312e+00  6.90128803e-02]
  [-1.77793777e+00 -2.58806682e+00  6.36279583e-02]]] <class 'numpy.ndarray'>
9
tensor([[[[-2.1179, -2.1179, -2.1179,  ..., -2.1179, -2.1179, -2.1179],
          [-2.1179, -2.1179, -2.1179,  ..., -2.1179, -2.1179, -2.1179],
          [-2.1179, -2.1179, -2.1179,  ..., -2.1179, -2.1179, -2.1179],
          ...,
          [-2.1179, -2.1179, -2.1179,  ..., -2.1179, -2.1179, -2.1179],
          [-2.1179, -2.1179, -2.1179,  ..., -2.1179, -2.1179, -2.1179],
          [-2.1179, -2.1179, -2.1179,  ..., -2.1179, -2.1179, -2.1179]],

         [[-2.0357, -2.0357, -2.0357,  ..., -2.0357, -2.0357, -2.0357],
          [-2.0357, -2.0357, -2.0357,  ..., -2.0357, -2.0357, -2.0357],
          [-2.0357, -2.0357, -2.0357,  ..., -2.0357, -2.0357, -2.0357],
          ...,
          [-2.0357, -2.0357, -2.0357,  ..., -2.0357, -2.0357, -2.0357],
          [-2.0357, -2.0357, -2.0357,  ..., -2.0357, -2.0357, -2.0357],
          [-2.0357, -2.0357, -2.0357,  ..., -2.0357, -2.0357, -2.0357]],

         [[-1.8044, -1.8044, -1.8044,  ..., -1.8044, -1.8044, -1.8044],
          [-1.8044, -1.8044, -1.8044,  ..., -1.8044, -1.8044, -1.8044],
          [-1.8044, -1.8044, -1.8044,  ..., -1.8044, -1.8044, -1.8044],
          ...,
          [-1.8044, -1.8044, -1.8044,  ..., -1.8044, -1.8044, -1.8044],
          [-1.8044, -1.8044, -1.8044,  ..., -1.8044, -1.8044, -1.8044],
          [-1.8044, -1.8044, -1.8044,  ..., -1.8044, -1.8044, -1.8044]]]],
       device='cuda:0') torch.Size([1, 3, 256, 192])
[[[ 6.8941208e+01  7.0317719e+01  5.4073811e-02]
  [ 7.8585396e+01  6.8393295e+01  7.4164867e-02]
  [ 6.2346027e+01  6.9574776e+01  5.0688028e-02]
  [ 9.4281418e+01  6.9665077e+01  5.7864308e-02]
  [ 6.0310646e+01  6.9852310e+01  6.0425043e-02]
  [ 1.1511114e+02  1.0781761e+02  8.4035873e-02]
  [ 4.5196724e+01  1.1241354e+02  7.2562695e-02]
  [ 1.3348199e+02  1.7290747e+02  3.5456896e-02]
  [ 4.1968010e+01  1.7590184e+02  7.1472883e-02]
  [ 1.5610645e+02  1.5927675e+02  1.6541958e-02]
  [ 4.1931534e+01  1.7593123e+02  7.0437431e-02]
  [ 4.0383333e-01  1.0590738e+00  1.2330556e-01]
  [ 1.1082664e-01  2.8228810e-01  1.0681367e-01]
  [-1.7791907e+00 -2.7273250e+00  6.7648292e-02]
  [-1.8572323e+00 -2.7579463e+00  6.3626766e-02]
  [-1.7148473e+00 -2.6248431e+00  6.9012880e-02]
  [-1.7779375e+00 -2.5880656e+00  6.3627958e-02]]] <class 'numpy.ndarray'>
Predictions were made.
Data was successfully structured and saved.
