Loading the input data and checkpoints.
Backbone: resnet50 pretrained = True
Constructed model successfully.
0
tensor([[[[0.7020, 0.7059, 0.6980,  ..., 0.0000, 0.0000, 0.0000],
          [0.6784, 0.7216, 0.7294,  ..., 0.0000, 0.0000, 0.0000],
          [0.6941, 0.7176, 0.7255,  ..., 0.0000, 0.0000, 0.0000],
          ...,
          [0.0000, 0.0000, 0.0000,  ..., 0.0000, 0.0000, 0.0000],
          [0.0000, 0.0000, 0.0000,  ..., 0.0000, 0.0000, 0.0000],
          [0.0000, 0.0000, 0.0000,  ..., 0.0000, 0.0000, 0.0000]],

         [[0.4314, 0.4353, 0.4353,  ..., 0.0000, 0.0000, 0.0000],
          [0.4078, 0.4510, 0.4863,  ..., 0.0000, 0.0000, 0.0000],
          [0.4353, 0.4588, 0.4667,  ..., 0.0000, 0.0000, 0.0000],
          ...,
          [0.0000, 0.0000, 0.0000,  ..., 0.0000, 0.0000, 0.0000],
          [0.0000, 0.0000, 0.0000,  ..., 0.0000, 0.0000, 0.0000],
          [0.0000, 0.0000, 0.0000,  ..., 0.0000, 0.0000, 0.0000]],

         [[0.6549, 0.6510, 0.6471,  ..., 0.0000, 0.0000, 0.0000],
          [0.6235, 0.6667, 0.6941,  ..., 0.0000, 0.0000, 0.0000],
          [0.6510, 0.6824, 0.6902,  ..., 0.0000, 0.0000, 0.0000],
          ...,
          [0.0000, 0.0000, 0.0000,  ..., 0.0000, 0.0000, 0.0000],
          [0.0000, 0.0000, 0.0000,  ..., 0.0000, 0.0000, 0.0000],
          [0.0000, 0.0000, 0.0000,  ..., 0.0000, 0.0000, 0.0000]]]],
       device='cuda:0') torch.Size([1, 3, 256, 192])
[[[ 64.796326    62.02599   ]
  [ 71.22935     52.002872  ]
  [ 57.784584    58.098656  ]
  [ 91.79669     53.985065  ]
  [ 58.136356    65.488     ]
  [113.24921    104.72977   ]
  [ 48.73472    106.21052   ]
  [137.0164     175.22583   ]
  [ 48.3136     186.3532    ]
  [155.16841    229.01239   ]
  [ 62.15222    152.3188    ]
  [104.96888    224.52747   ]
  [ 71.47603    225.59993   ]
  [ -0.80949014  -0.74593085]
  [ -0.8013572   -0.64651364]
  [ -0.7940025   -0.8233567 ]
  [ -0.8468027   -0.75862134]]] <class 'numpy.ndarray'>
1
tensor([[[[0., 0., 0.,  ..., 0., 0., 0.],
          [0., 0., 0.,  ..., 0., 0., 0.],
          [0., 0., 0.,  ..., 0., 0., 0.],
          ...,
          [0., 0., 0.,  ..., 0., 0., 0.],
          [0., 0., 0.,  ..., 0., 0., 0.],
          [0., 0., 0.,  ..., 0., 0., 0.]],

         [[0., 0., 0.,  ..., 0., 0., 0.],
          [0., 0., 0.,  ..., 0., 0., 0.],
          [0., 0., 0.,  ..., 0., 0., 0.],
          ...,
          [0., 0., 0.,  ..., 0., 0., 0.],
          [0., 0., 0.,  ..., 0., 0., 0.],
          [0., 0., 0.,  ..., 0., 0., 0.]],

         [[0., 0., 0.,  ..., 0., 0., 0.],
          [0., 0., 0.,  ..., 0., 0., 0.],
          [0., 0., 0.,  ..., 0., 0., 0.],
          ...,
          [0., 0., 0.,  ..., 0., 0., 0.],
          [0., 0., 0.,  ..., 0., 0., 0.],
          [0., 0., 0.,  ..., 0., 0., 0.]]]], device='cuda:0') torch.Size([1, 3, 256, 192])
[[[ 73.17276     78.47171   ]
  [ 82.91078     72.42356   ]
  [ 67.04345     71.52922   ]
  [ 96.41312     77.21765   ]
  [ 60.15145     72.69547   ]
  [117.286804   116.63863   ]
  [ 37.46312    116.442726  ]
  [133.15851    173.14052   ]
  [ 26.746956   164.92131   ]
  [163.45607    137.81364   ]
  [ 27.277012   210.11986   ]
  [ -0.9701379   -0.8342955 ]
  [ -0.9483732   -0.8328333 ]
  [ -0.97126836  -0.57242244]
  [ -0.7975866   -0.49195328]
  [ -0.8876831   -0.5604431 ]
  [ -0.97748744  -0.71947753]]] <class 'numpy.ndarray'>
2
tensor([[[[0., 0., 0.,  ..., 0., 0., 0.],
          [0., 0., 0.,  ..., 0., 0., 0.],
          [0., 0., 0.,  ..., 0., 0., 0.],
          ...,
          [0., 0., 0.,  ..., 0., 0., 0.],
          [0., 0., 0.,  ..., 0., 0., 0.],
          [0., 0., 0.,  ..., 0., 0., 0.]],

         [[0., 0., 0.,  ..., 0., 0., 0.],
          [0., 0., 0.,  ..., 0., 0., 0.],
          [0., 0., 0.,  ..., 0., 0., 0.],
          ...,
          [0., 0., 0.,  ..., 0., 0., 0.],
          [0., 0., 0.,  ..., 0., 0., 0.],
          [0., 0., 0.,  ..., 0., 0., 0.]],

         [[0., 0., 0.,  ..., 0., 0., 0.],
          [0., 0., 0.,  ..., 0., 0., 0.],
          [0., 0., 0.,  ..., 0., 0., 0.],
          ...,
          [0., 0., 0.,  ..., 0., 0., 0.],
          [0., 0., 0.,  ..., 0., 0., 0.],
          [0., 0., 0.,  ..., 0., 0., 0.]]]], device='cuda:0') torch.Size([1, 3, 256, 192])
[[[ 71.8988      76.67803   ]
  [ 80.86911     69.25966   ]
  [ 65.59256     69.16672   ]
  [ 96.6011      71.63895   ]
  [ 59.850605    72.52296   ]
  [115.873375   114.57444   ]
  [ 40.966415   112.10819   ]
  [133.18448    173.53996   ]
  [ 26.908092   165.18394   ]
  [165.89929    147.8055    ]
  [ 27.371975   210.28497   ]
  [ -0.9638205   -0.87257063]
  [ -0.45611703   2.8097167 ]
  [ -0.94396585  -0.46628016]
  [ -0.7716407   -0.50528497]
  [ -0.8564448   -0.5805772 ]
  [ -0.8959701   -0.71254826]]] <class 'numpy.ndarray'>
3
tensor([[[[0.4392, 0.5961, 0.5882,  ..., 0.6353, 0.6078, 0.6196],
          [0.4039, 0.5490, 0.5804,  ..., 0.6235, 0.5529, 0.4863],
          [0.4745, 0.5647, 0.5569,  ..., 0.6000, 0.4588, 0.4431],
          ...,
          [0.4706, 0.4627, 0.4510,  ..., 0.4941, 0.4980, 0.5059],
          [0.4824, 0.4941, 0.5020,  ..., 0.4863, 0.4510, 0.5098],
          [0.4863, 0.4667, 0.4784,  ..., 0.5020, 0.5451, 0.5451]],

         [[0.5137, 0.6784, 0.6706,  ..., 0.7059, 0.6784, 0.7020],
          [0.4902, 0.6392, 0.6667,  ..., 0.6941, 0.6392, 0.5765],
          [0.5569, 0.6510, 0.6431,  ..., 0.6863, 0.5451, 0.5373],
          ...,
          [0.4588, 0.4510, 0.4353,  ..., 0.4706, 0.4863, 0.4902],
          [0.4431, 0.4510, 0.4627,  ..., 0.4745, 0.4275, 0.4824],
          [0.4667, 0.4510, 0.4706,  ..., 0.4902, 0.5216, 0.5137]],

         [[0.6353, 0.7608, 0.7020,  ..., 0.7647, 0.7333, 0.7373],
          [0.5843, 0.7098, 0.6784,  ..., 0.7529, 0.6784, 0.6078],
          [0.6235, 0.6902, 0.6431,  ..., 0.7333, 0.5843, 0.5647],
          ...,
          [0.4471, 0.4353, 0.4196,  ..., 0.4392, 0.4549, 0.4510],
          [0.4392, 0.4431, 0.4549,  ..., 0.4431, 0.4039, 0.4510],
          [0.4549, 0.4353, 0.4510,  ..., 0.4510, 0.4902, 0.4784]]]],
       device='cuda:0') torch.Size([1, 3, 256, 192])
[[[ 66.662735    64.674866  ]
  [ 72.7518      55.61838   ]
  [ 59.968136    61.598804  ]
  [ 91.30659     57.1684    ]
  [ 58.48548     67.03773   ]
  [113.49922    108.42056   ]
  [ 47.17014    107.12072   ]
  [135.96523    173.441     ]
  [ 51.561802   188.515     ]
  [167.05325    186.1903    ]
  [ 62.24548    152.20985   ]
  [104.84605    224.52948   ]
  [ 70.556404   225.26842   ]
  [ -0.9102909   -0.66360587]
  [ -0.94281524  -0.6478992 ]
  [ -0.672028    -0.7770073 ]
  [ -0.9666841   -0.75190353]]] <class 'numpy.ndarray'>
4
tensor([[[[0., 0., 0.,  ..., 0., 0., 0.],
          [0., 0., 0.,  ..., 0., 0., 0.],
          [0., 0., 0.,  ..., 0., 0., 0.],
          ...,
          [0., 0., 0.,  ..., 0., 0., 0.],
          [0., 0., 0.,  ..., 0., 0., 0.],
          [0., 0., 0.,  ..., 0., 0., 0.]],

         [[0., 0., 0.,  ..., 0., 0., 0.],
          [0., 0., 0.,  ..., 0., 0., 0.],
          [0., 0., 0.,  ..., 0., 0., 0.],
          ...,
          [0., 0., 0.,  ..., 0., 0., 0.],
          [0., 0., 0.,  ..., 0., 0., 0.],
          [0., 0., 0.,  ..., 0., 0., 0.]],

         [[0., 0., 0.,  ..., 0., 0., 0.],
          [0., 0., 0.,  ..., 0., 0., 0.],
          [0., 0., 0.,  ..., 0., 0., 0.],
          ...,
          [0., 0., 0.,  ..., 0., 0., 0.],
          [0., 0., 0.,  ..., 0., 0., 0.],
          [0., 0., 0.,  ..., 0., 0., 0.]]]], device='cuda:0') torch.Size([1, 3, 256, 192])
[[[ 67.59677     67.057526  ]
  [ 77.3198      62.05642   ]
  [ 63.503593    65.65613   ]
  [ 94.59421     65.88151   ]
  [ 59.0188      68.51373   ]
  [115.31026    111.58713   ]
  [ 44.79573    109.234535  ]
  [134.93936    173.7511    ]
  [ 42.141582   182.36166   ]
  [167.17935    160.35977   ]
  [ 38.10875    206.35008   ]
  [ -0.962936    -0.8936124 ]
  [ 50.725224   170.73813   ]
  [ -0.88006085  -0.6071345 ]
  [ -0.7705075   -0.59373564]
  [ -0.85470194  -0.7252373 ]
  [ -1.7506113   -0.7974845 ]]] <class 'numpy.ndarray'>
5
tensor([[[[0., 0., 0.,  ..., 0., 0., 0.],
          [0., 0., 0.,  ..., 0., 0., 0.],
          [0., 0., 0.,  ..., 0., 0., 0.],
          ...,
          [0., 0., 0.,  ..., 0., 0., 0.],
          [0., 0., 0.,  ..., 0., 0., 0.],
          [0., 0., 0.,  ..., 0., 0., 0.]],

         [[0., 0., 0.,  ..., 0., 0., 0.],
          [0., 0., 0.,  ..., 0., 0., 0.],
          [0., 0., 0.,  ..., 0., 0., 0.],
          ...,
          [0., 0., 0.,  ..., 0., 0., 0.],
          [0., 0., 0.,  ..., 0., 0., 0.],
          [0., 0., 0.,  ..., 0., 0., 0.]],

         [[0., 0., 0.,  ..., 0., 0., 0.],
          [0., 0., 0.,  ..., 0., 0., 0.],
          [0., 0., 0.,  ..., 0., 0., 0.],
          ...,
          [0., 0., 0.,  ..., 0., 0., 0.],
          [0., 0., 0.,  ..., 0., 0., 0.],
          [0., 0., 0.,  ..., 0., 0., 0.]]]], device='cuda:0') torch.Size([1, 3, 256, 192])
[[[ 6.62586060e+01  6.52849808e+01]
  [ 7.18549805e+01  5.51937027e+01]
  [ 5.92382736e+01  6.12364197e+01]
  [ 9.03490829e+01  5.63572159e+01]
  [ 5.82413177e+01  6.79484940e+01]
  [ 1.12388016e+02  1.07670647e+02]
  [ 4.64236298e+01  1.08334763e+02]
  [ 1.35866928e+02  1.74267670e+02]
  [ 5.07784195e+01  1.87379883e+02]
  [ 1.65479248e+02  1.99860809e+02]
  [ 5.04373741e+01  1.88654251e+02]
  [-4.67386037e-01  7.68232942e-01]
  [ 6.89587250e+01  2.19099594e+02]
  [-1.40868023e-01  7.10000217e-01]
  [-9.24030721e-01 -6.68445766e-01]
  [-8.05255353e-01 -8.46106708e-01]
  [-1.66407251e+00 -7.82033086e-01]]] <class 'numpy.ndarray'>
6
tensor([[[[0.1804, 0.1882, 0.1961,  ..., 0.8745, 0.8902, 0.8941],
          [0.1804, 0.1843, 0.2000,  ..., 0.8588, 0.8627, 0.8627],
          [0.1765, 0.1843, 0.2000,  ..., 0.8510, 0.8549, 0.8588],
          ...,
          [0.1216, 0.1216, 0.1255,  ..., 0.9882, 0.9961, 1.0000],
          [0.1098, 0.1098, 0.1059,  ..., 0.9882, 0.9961, 1.0000],
          [0.1176, 0.1176, 0.1137,  ..., 0.9843, 0.9961, 1.0000]],

         [[0.1176, 0.1333, 0.1529,  ..., 0.8392, 0.8510, 0.8471],
          [0.1176, 0.1333, 0.1529,  ..., 0.8196, 0.8196, 0.8118],
          [0.1176, 0.1333, 0.1569,  ..., 0.8078, 0.8078, 0.8078],
          ...,
          [0.0863, 0.0902, 0.0902,  ..., 0.0078, 0.0078, 0.0039],
          [0.0588, 0.0588, 0.0588,  ..., 0.0118, 0.0078, 0.0039],
          [0.0588, 0.0588, 0.0588,  ..., 0.0078, 0.0039, 0.0039]],

         [[0.1255, 0.1451, 0.1686,  ..., 0.7569, 0.7725, 0.7765],
          [0.1216, 0.1451, 0.1686,  ..., 0.7412, 0.7412, 0.7412],
          [0.1216, 0.1451, 0.1725,  ..., 0.7294, 0.7294, 0.7333],
          ...,
          [0.1020, 0.1059, 0.1059,  ..., 0.2588, 0.2667, 0.2667],
          [0.0667, 0.0667, 0.0667,  ..., 0.2588, 0.2627, 0.2588],
          [0.0627, 0.0627, 0.0588,  ..., 0.2549, 0.2588, 0.2549]]]],
       device='cuda:0') torch.Size([1, 3, 256, 192])
[[[ 69.53794     70.81837   ]
  [ 76.65319     64.175476  ]
  [ 63.16725     66.87134   ]
  [ 92.310135    66.99074   ]
  [ 58.811455    70.04549   ]
  [114.7721     112.56702   ]
  [ 43.031048   111.066734  ]
  [133.68594    173.21043   ]
  [ 50.63281    187.05995   ]
  [165.08374    145.26068   ]
  [ 38.952904   205.80975   ]
  [ -0.9094034   -0.770452  ]
  [ 11.798167    42.291714  ]
  [ -0.77934927  -0.5040633 ]
  [ -1.0565066   -0.5484299 ]
  [ -0.99035066  -0.67005795]
  [ -1.4827557   -0.72649765]]] <class 'numpy.ndarray'>
7
tensor([[[[0., 0., 0.,  ..., 0., 0., 0.],
          [0., 0., 0.,  ..., 0., 0., 0.],
          [0., 0., 0.,  ..., 0., 0., 0.],
          ...,
          [0., 0., 0.,  ..., 0., 0., 0.],
          [0., 0., 0.,  ..., 0., 0., 0.],
          [0., 0., 0.,  ..., 0., 0., 0.]],

         [[0., 0., 0.,  ..., 0., 0., 0.],
          [0., 0., 0.,  ..., 0., 0., 0.],
          [0., 0., 0.,  ..., 0., 0., 0.],
          ...,
          [0., 0., 0.,  ..., 0., 0., 0.],
          [0., 0., 0.,  ..., 0., 0., 0.],
          [0., 0., 0.,  ..., 0., 0., 0.]],

         [[0., 0., 0.,  ..., 0., 0., 0.],
          [0., 0., 0.,  ..., 0., 0., 0.],
          [0., 0., 0.,  ..., 0., 0., 0.],
          ...,
          [0., 0., 0.,  ..., 0., 0., 0.],
          [0., 0., 0.,  ..., 0., 0., 0.],
          [0., 0., 0.,  ..., 0., 0., 0.]]]], device='cuda:0') torch.Size([1, 3, 256, 192])
[[[ 73.67698     78.72104   ]
  [ 83.253845    72.50356   ]
  [ 66.99101     71.55976   ]
  [ 96.99863     77.77743   ]
  [ 60.34216     72.65289   ]
  [117.44823    116.73476   ]
  [ 37.30179    116.81765   ]
  [133.1762     172.55309   ]
  [ 27.01247    165.06166   ]
  [163.19643    136.53142   ]
  [ 27.572681   210.23509   ]
  [ -0.97506267  -0.82689106]
  [ -0.91527116  -0.93425107]
  [ -0.95942706  -0.6186096 ]
  [ -0.7793836   -0.5095679 ]
  [ -0.86560315  -0.58605987]
  [ -1.068228    -0.76208866]]] <class 'numpy.ndarray'>
8
tensor([[[[0., 0., 0.,  ..., 0., 0., 0.],
          [0., 0., 0.,  ..., 0., 0., 0.],
          [0., 0., 0.,  ..., 0., 0., 0.],
          ...,
          [0., 0., 0.,  ..., 0., 0., 0.],
          [0., 0., 0.,  ..., 0., 0., 0.],
          [0., 0., 0.,  ..., 0., 0., 0.]],

         [[0., 0., 0.,  ..., 0., 0., 0.],
          [0., 0., 0.,  ..., 0., 0., 0.],
          [0., 0., 0.,  ..., 0., 0., 0.],
          ...,
          [0., 0., 0.,  ..., 0., 0., 0.],
          [0., 0., 0.,  ..., 0., 0., 0.],
          [0., 0., 0.,  ..., 0., 0., 0.]],

         [[0., 0., 0.,  ..., 0., 0., 0.],
          [0., 0., 0.,  ..., 0., 0., 0.],
          [0., 0., 0.,  ..., 0., 0., 0.],
          ...,
          [0., 0., 0.,  ..., 0., 0., 0.],
          [0., 0., 0.,  ..., 0., 0., 0.],
          [0., 0., 0.,  ..., 0., 0., 0.]]]], device='cuda:0') torch.Size([1, 3, 256, 192])
[[[ 73.53227     79.40178   ]
  [ 82.10036     71.85644   ]
  [ 67.141426    71.976524  ]
  [ 95.9573      73.414825  ]
  [ 59.298615    74.513374  ]
  [116.663315   116.84696   ]
  [ 34.0317     121.01946   ]
  [133.15855    172.82437   ]
  [ 26.52465    164.72838   ]
  [163.60658    138.88177   ]
  [ 27.18008    210.01306   ]
  [ -0.9663163   -0.8437203 ]
  [ -0.83786476   0.5163994 ]
  [ -1.0110173   -0.4514889 ]
  [ -0.7848548   -0.46077242]
  [ -0.8493938   -0.53333825]
  [ -0.6943561   -0.5576776 ]]] <class 'numpy.ndarray'>
9
tensor([[[[0., 0., 0.,  ..., 0., 0., 0.],
          [0., 0., 0.,  ..., 0., 0., 0.],
          [0., 0., 0.,  ..., 0., 0., 0.],
          ...,
          [0., 0., 0.,  ..., 0., 0., 0.],
          [0., 0., 0.,  ..., 0., 0., 0.],
          [0., 0., 0.,  ..., 0., 0., 0.]],

         [[0., 0., 0.,  ..., 0., 0., 0.],
          [0., 0., 0.,  ..., 0., 0., 0.],
          [0., 0., 0.,  ..., 0., 0., 0.],
          ...,
          [0., 0., 0.,  ..., 0., 0., 0.],
          [0., 0., 0.,  ..., 0., 0., 0.],
          [0., 0., 0.,  ..., 0., 0., 0.]],

         [[0., 0., 0.,  ..., 0., 0., 0.],
          [0., 0., 0.,  ..., 0., 0., 0.],
          [0., 0., 0.,  ..., 0., 0., 0.],
          ...,
          [0., 0., 0.,  ..., 0., 0., 0.],
          [0., 0., 0.,  ..., 0., 0., 0.],
          [0., 0., 0.,  ..., 0., 0., 0.]]]], device='cuda:0') torch.Size([1, 3, 256, 192])
[[[ 72.20921     77.81417   ]
  [ 81.43356     70.71296   ]
  [ 65.76477     70.600586  ]
  [ 96.18032     72.24522   ]
  [ 59.545578    73.636055  ]
  [115.88879    115.62033   ]
  [ 39.988293   113.12075   ]
  [133.21622    172.49957   ]
  [ 36.206238   174.90164   ]
  [162.96559    136.73438   ]
  [ 27.494225   210.29173   ]
  [ -0.9636795   -0.856096  ]
  [ -0.5997368    1.1018614 ]
  [ -0.98108965  -0.48054808]
  [ -0.877479    -0.50084513]
  [ -1.0040512   -0.5736086 ]
  [ -0.76370335  -0.62571454]]] <class 'numpy.ndarray'>
Predictions were made.
Data was successfully structured and saved.
